l,o,s,s,",", ,v,a,l,_,l,o,s,s,",", ,a,c,c,",", ,v,a,l,_,a,c,c
0.0265513118675974,0.013332417142615906,0.9929650055339423,0.9948696511362772
0.014191993358950392,0.012354056997687766,0.9943520537338673,0.9952496769780345
0.014014870784480073,0.012626646106853597,0.9944233062130052,0.9951356692255073
0.013833168413834257,0.012435430363510075,0.9944185560448225,0.995249676760582
0.013829563467637914,0.012126168555979946,0.9946323134728932,0.9954016870972848
0.013692703851324489,0.011869664917844183,0.9944803081907096,0.9952496769780345
0.013557997367351932,0.012528978620032995,0.9945468105016649,0.9952876795622102
0.013601898113044835,0.012771936440765332,0.9944803081799506,0.9953636847305617
0.013437175174636863,0.011922887735693975,0.9946370636379614,0.9952876795622102
0.013451947185058996,0.012585890245475732,0.994527809841392,0.9952876795622102
0.013477863469758789,0.011847741074500224,0.9946228131458712,0.9953636847305617
0.013315322572006294,0.011891464481120757,0.9945990623066565,0.9954016873147374
0.013269154518722836,0.012356082284907295,0.9946180629776885,0.9955536976514403
0.013394960164465326,0.012230361059474823,0.99459906232053,0.9952496769780345
0.013222334114866298,0.012436068493410935,0.9945040590191653,0.9952116743938588
0.013328999046434416,0.012221047555878554,0.9946608144633026,0.9954016873147374
0.013336546869324641,0.012032439402788265,0.9945943121523473,0.995325682146386
0.013273588761910126,0.01249956145656518,0.9945943121523473,0.9952116743938588
0.013128795418047517,0.012092543187604077,0.9946275632970659,0.9952876795622102
0.013196002847848288,0.012653650092611544,0.9945705613270062,0.995325682146386
0.013119355270502132,0.011991242392056164,0.9946418138030296,0.9952876795622102
0.013186060412910237,0.012019109842528507,0.9946465639712123,0.9952116743938588
0.013081181915432812,0.012395735676234372,0.9946180629776885,0.9953636847305617
0.013088867599364316,0.012515022924304816,0.9945705613270062,0.9952876795622102
0.013060557749879317,0.012464501008176476,0.9946418138061441,0.9951736718096831
0.013067041922029662,0.011606213480296154,0.9946988157838484,0.9954016873147374
0.013059956411251718,0.012113903899625212,0.9947035659489167,0.9950976666413316
0.01303609888462969,0.012001451307113064,0.9946180629669295,0.9951356690080548
0.013056221119024642,0.012758297014276769,0.9945848118222108,0.9952116743938588
0.013010019427577655,0.012543667923267502,0.9947178164441214,0.9951736718096831
0.012991949219602644,0.012278239820393898,0.994689315442953,0.9953636847305617
0.01303244245711552,0.012424416293330565,0.9947463174345309,0.9953636847305617
0.012932775231106341,0.01201700935486888,0.9947368170936354,0.995325682146386
0.013040783997186152,0.012370679045791576,0.9947130662790532,0.9951356692255073
0.013045760018795255,0.01241096767140406,0.9946418138030296,0.995325682146386
0.012959588367708786,0.012315443992262802,0.994708316103226,0.9951736718096831
0.012888068837127929,0.012215407635614406,0.9947178164441214,0.9950976666413316
0.012869514931761828,0.01227924324113539,0.9946988157730895,0.9951736718096831
0.012897402500741546,0.012217887378237367,0.9947463174345309,0.995325682146386
0.01280640567903537,0.012014777980499354,0.9947225665984306,0.9954016873147374
0.012832697287312579,0.012015590070301388,0.9947320669393261,0.9953636847305617
0.012845265983445903,0.012305070032539965,0.9947273167742579,0.9951736718096831
0.012819847939415246,0.0123727187685641,0.9946608144633026,0.9951736718096831
0.012770092586716271,0.011718936627732143,0.994789068909386,0.995325682146386
0.012733842279077718,0.011774030760996071,0.9946560642982344,0.9952116743938588
0.012747838971191736,0.011855554731524933,0.9947368171043944,0.9952116743938588
0.012717500640896277,0.012769316362316593,0.9947320669285671,0.9950976666413316
0.01271377742411872,0.012097179442315675,0.9948128197454862,0.9950216614729802
0.012691714373236795,0.012262178136207384,0.9947178164333624,0.9949836588888045
0.012755309431634112,0.01222252413485234,0.9948175699136689,0.9952116743938588
0.012651032259004831,0.01191700188840312,0.9947985692502814,0.9950596640571558
0.012608192310715992,0.011929673700271834,0.994789068920145,0.9951736718096831
0.012607378750803868,0.012081733352087108,0.9948033194153497,0.9952116743938588
0.012594085136031266,0.012286556530879037,0.9948175699105544,0.9952116743938588
0.012620864624817431,0.01208810239111212,0.9947890689232595,0.9951736718096831
0.01259038689476473,0.012425784890081185,0.9948508210583875,0.9950216614729802
0.012590715103530022,0.011669612058982771,0.9947700682629865,0.9950976666413316
0.012669172916006674,0.011952369319491766,0.9948793220564415,0.9951356692255073
0.01262921668197579,0.012804641993624338,0.9947415672587036,0.994907653720453
0.012548744785534445,0.012178817710764817,0.9948460708902048,0.9949836588888045
0.012539180122515696,0.01166945867310294,0.9948413207358956,0.9951356692255073
0.012893398453032579,0.01164199269010098,0.9947843187550768,0.995325682146386
0.012540960373286857,0.012559182930446382,0.9948318204057591,0.9950596640571558
0.012480781919976248,0.011887997551221267,0.9947558177646674,0.9951736718096831
0.012488146651854016,0.012098429451749734,0.9948650715612367,0.9949456563046287
0.012411970171725281,0.012369368524704927,0.9948555712311002,0.9951356692255073
0.012444582719576965,0.012105720212575912,0.9947510675995991,0.994907653720453
0.012413498587836887,0.012399663424430525,0.9948175699105544,0.9951736718096831
0.01238580454119295,0.012010403762511276,0.9948698217155459,0.9951356692255073
0.012383667321565034,0.012331476057354754,0.9948128197454862,0.9950216614729802
0.012436340903066929,0.01206656232051664,0.9948935725516461,0.9949456563046287
0.012325370770335976,0.011884731144267104,0.9948793220564415,0.9951736718096831
0.012385381467217153,0.012387065851454,0.9949315738645474,0.9952116743938588
0.01239849964583754,0.012375940490385777,0.9948745718806142,0.9950976666413316
0.01227797116281745,0.01222714783176876,0.994931573861433,0.9950976666413316
0.012339199703042423,0.012314130382511407,0.9947985692502814,0.9951356692255073
0.012309643379628192,0.012638587972268597,0.9948745718913732,0.9948696511362772
0.01226715126299905,0.01252513882195345,0.994869821726305,0.9950596640571558
0.012222339712254175,0.012467809401023865,0.9948888223865779,0.9950596640571558
0.01230227335957756,0.011957800239205651,0.994869821726305,0.9949836588888045
0.012231543910939788,0.01240581376796964,0.9949980761831474,0.9949836588888045
0.012218490027388517,0.012208508145808919,0.9949125732011601,0.9953636847305617
0.01218785295841035,0.012736413695675276,0.9949268237071238,0.9952116743938588
0.012206009968634145,0.01246058013475766,0.9949553246867743,0.9951356692255073
0.012246148657372568,0.01223778505892424,0.9949458243566378,0.9952876795622102
0.01220596876697901,0.012442166774428998,0.9949268237102383,0.9951736718096831
0.012192893266909387,0.012398584671676705,0.9949458243566378,0.9950596640571558
0.012169951392674998,0.012106916698019624,0.9949790755228745,0.9950596640571558
0.012208687589815097,0.012761931642230257,0.9948840722107507,0.9952876795622102
0.012248210673909075,0.01252404732584071,0.9949078230468509,0.9950216614729802
0.012667742544618209,0.013003932349293226,0.9949743253470472,0.9949456563046287
0.012280482973396558,0.013005183314417709,0.9948888223865779,0.9950216614729802
0.01210274605104472,0.012278294385636438,0.9949790755228745,0.9952496769780345
0.012073489775891143,0.012927135522935665,0.9950455778338297,0.9950596640571558
0.012135894733964677,0.012777112333909976,0.9949078230468509,0.9949456563046287
0.01212482711716272,0.0124739920561368,0.9949505745248205,0.9950596640571558
0.012043480978907312,0.013203177429639251,0.9949743253578062,0.9951356692255073
0.012020795068068593,0.01264138380646,0.9949125732119191,0.9950216614729802
0.012088213968951194,0.012928540839982756,0.9949553246975332,0.9951736718096831
0.012069468912190393,0.012415285307050862,0.9949838256879426,0.9950596640571558
0.012031006733209218,0.013235119567926926,0.9949933260180791,0.9950216614729802
0.012115507901637318,0.01258318378068218,0.9949648250276697,0.9951736718096831
0.012097548844814439,0.01253992540344832,0.994950574521706,0.9952496769780345
0.01211554363302043,0.012637929977845444,0.9950598283290344,0.9952116743938588
0.012183183015709469,0.01280751969564986,0.9948888223865779,0.9950596640571558
0.012693688012753867,0.016635241905241318,0.9949885758422519,0.9947936459679259
0.012735257658439556,0.01258898208253615,0.9949743253578062,0.9950596640571558
0.011988857012238875,0.012754718901117658,0.994950574532465,0.9948316485521015
0.011912480760411822,0.012785877739023023,0.9949980761862618,0.9948696511362772
0.011919280751084761,0.012621640873438814,0.9948888223758189,0.9949836588888045
0.011868106494536103,0.012739943374220717,0.9949885758530109,0.9951356692255073
0.01190231794777077,0.012644916583155422,0.9949933260180791,0.9952116743938588
0.011957289117818156,0.012593383404067467,0.9950075765132839,0.9949836588888045
0.011838873026796358,0.013206899782293467,0.9950693286591709,0.9948696511362772
0.01187430414073988,0.012861577481049255,0.9950978296495803,0.9949836588888045
0.011886937897695515,0.012683435234922071,0.9949980761831474,0.9950216614729802
0.011841767439742334,0.013000573372028633,0.9951025798146486,0.9950216614729802
0.01186325783213958,0.01318457470696422,0.9949838256879426,0.9949836588888045
0.011893220295660532,0.012884994164402848,0.9949790755228745,0.9951356692255073
0.011874921905056821,0.013181716373892899,0.9950265771735568,0.9952116743938588
0.011787754030478974,0.013720862233530378,0.9950835791436166,0.9948696511362772
0.011914881646764592,0.012818646495412202,0.9949458243705113,0.9949456563046287
0.011755773242125643,0.012918239558017068,0.9950883293194438,0.9950216614729802
0.011845800503343587,0.01308035130627488,0.9950788289785484,0.9949456563046287
0.011744897054921816,0.01293982803889376,0.995031327338625,0.9951356692255073
0.011783293651036917,0.012667187611390738,0.9950360775036933,0.9951356692255073
0.011807729621988823,0.012431472471470017,0.9949743253578062,0.9951736718096831
0.011719386274026293,0.012764287851871893,0.9950645784941027,0.9950976666413316
0.011740495902235241,0.013382329784429691,0.9950265771627977,0.994907653720453
0.011782540060185764,0.01329878633842226,0.9950788289893073,0.9950976666413316
0.01174971256892102,0.012848949707175851,0.9949838256879426,0.9952116743938588
0.011677716362887324,0.013291154915218872,0.995112080144785,0.9948696511362772
0.0117002180326492,0.012883110700863624,0.9950170768326613,0.9952496769780345
0.011876247867601603,0.012390760130239691,0.9950645784833436,0.9949836588888045
0.011856542982520835,0.01281117914258548,0.9950503279988979,0.9952496769780345
0.011613343278671702,0.013147408641899424,0.9950218270084885,0.9952116743938588
0.011577367794329475,0.013008486777031536,0.9950835791543756,0.9950216614729802
0.011592163045341764,0.012783678787236413,0.9950740788134801,0.9950596640571558
0.011604729871419053,0.013156568630450331,0.9950598283290344,0.9950596640571558
0.011568951875828879,0.013230506779631392,0.9951168303098533,0.9950216614729802
0.011514571108166876,0.012544970497975412,0.9952070834353908,0.9950596640571558
0.011622483322934835,0.012925828576083421,0.9950455778338297,0.9950976666413316
0.011579153211450194,0.0133366409355329,0.9950455778338297,0.9949836588888045
0.011583280886269965,0.012483744396158982,0.995050327988139,0.9950976666413316
0.011527547825375217,0.013035666793462365,0.9952023332810815,0.9950216614729802
0.011551065765006908,0.013073317015950171,0.9950550781670806,0.9950596640571558
0.011576898644116684,0.013288297003037118,0.9951073299797168,0.9948696511362772
0.011560117316361041,0.013644144303014107,0.9950075765025248,0.9950216614729802
0.011460048902442259,0.01338365130863564,0.9951215804749215,0.9948696511362772
0.011525299328029679,0.013193692695075516,0.9951358309593672,0.9950216614729802
0.011546301335632368,0.012974628728165393,0.9950788289893073,0.9951736718096831
0.011541774874054445,0.013054538690393393,0.9950978296558092,0.9951736718096831
0.0114386446347857,0.01389052340098418,0.9951595817954674,0.9950216614729802
0.011502220529223305,0.013387911426583828,0.9951263306399898,0.9949456563046287
0.011433811425591219,0.013760503540226808,0.9951738322799131,0.9950596640571558
0.011424641260811892,0.013292370020460255,0.9951690821256038,0.995325682146386
0.011512536192190781,0.013889009524017155,0.9951073299689578,0.9950596640571558
0.011485169899024704,0.013410077163164034,0.9951025798146486,0.9949836588888045
0.01131858820733475,0.013863801365190045,0.9951975831191278,0.9950596640571558
0.011469043310376868,0.013655110296948372,0.9951785824449814,0.9948696511362772
0.011439218628348444,0.013843320961093093,0.9951263306399898,0.9949456563046287
0.011344849996473878,0.013750044632835577,0.995211833611218,0.9949456563046287
0.011281240277183753,0.01358740384734492,0.9951738322906721,0.9949836588888045
0.011344612036652511,0.013795688651366083,0.995211833600459,0.9949836588888045
0.01126835843524263,0.01338203792379426,0.9952023332841959,0.9949456563046287
0.011390865598056299,0.013364104071018035,0.9950740788242391,0.9950976666413316
0.011424060028524207,0.01357307195787114,0.9951833326100495,0.9952116743938588
0.011302594109948064,0.013688890355105225,0.9952165837762862,0.9950216614729802
0.011323547348170855,0.013480810031088555,0.9951453313002627,0.9952116743938588
0.011275451896913764,0.013924343049764903,0.9951738322906721,0.994907653720453
0.011339657659674336,0.01381364008373187,0.9951880827751178,0.994907653720453
0.011197820525556755,0.013910349727511075,0.9951785824557403,0.994907653720453
0.011242186687356904,0.013324831718940082,0.9952070834353908,0.9952876795622102
0.011278010141520663,0.013287398545205975,0.9951358309701263,0.9952876795622102
0.01126267179239605,0.013780828178729648,0.9952213339305954,0.9950216614729802
0.011218819407641498,0.013611663211990869,0.9952688355812778,0.9948316485521015
0.011181657696089396,0.013586756881683053,0.9951690821148449,0.9949836588888045
0.01114951181063463,0.014409904677553648,0.9952260841064227,0.9947936459679259
0.011164657578295377,0.014006488106972045,0.9951880827858768,0.9952116743938588
0.011114689806923875,0.01491233169944515,0.9952450847559366,0.9948696511362772
0.01114052026101105,0.01349865104818015,0.9952403346016274,0.9951736718096831
0.011116321319793399,0.01422422953211057,0.995230834271491,0.994907653720453
0.011189579845890151,0.013972838303881052,0.995211833611218,0.9952876795622102
0.011150240981118727,0.013573636485576152,0.9952165837762862,0.9950216614729802
0.011118149901386138,0.013221796280291406,0.9952973365855607,0.9950216614729802
0.011025280471340314,0.013815765430411582,0.9953448382331286,0.9947936459679259
0.011247391635212168,0.013494620432602529,0.9951975831160133,0.9952116743938588
0.011059249426753378,0.014618915042169537,0.9952070834461497,0.9948316485521015
0.011263736291597099,0.014239323039756752,0.9952830860872416,0.9948316485521015
0.011080707012787424,0.013377529698737407,0.9952450847666956,0.9954016873147374
0.011046934705985964,0.013771822648456306,0.9952830860872416,0.994907653720453
0.011580033873124179,0.014574104366559152,0.9952213339413545,0.994907653720453
0.01150137745887124,0.014077351698862142,0.9952783359114142,0.9950976666413316
0.011484637458010146,0.014176079782972957,0.9953068369125827,0.9950596640571558
0.010932112984821414,0.014574528561207861,0.9952260841064227,0.9950976666413316
0.01120653153362541,0.015266631714381154,0.9953448382331286,0.9949836588888045
0.011221931728609975,0.014423463358651053,0.9953258375652111,0.9952496769780345
0.011173960316383002,0.014878900230985296,0.9952783359221733,0.994907653720453
0.011517889497263293,0.013731671302601499,0.9951548316303992,0.9952116743938588
0.011117359330683895,0.013875078874881333,0.9952545850968321,0.9947936459679259
0.010908833193987258,0.014318997630864487,0.995311587077651,0.9948696511362772
0.010829595832160092,0.014355430800594152,0.9953163372427192,0.9949836588888045
0.01078192640107416,0.014070587047127495,0.9953780893886063,0.9949836588888045
0.010782532049438237,0.013987502647819209,0.9953970900488792,0.9952876795622102
0.01078886548186864,0.014335603956361055,0.9953590887283333,0.9950976666413316
0.010840398270939657,0.014006411436886943,0.9952830860872416,0.9952116743938588
0.01084474558827754,0.013893216514594043,0.995273585757105,0.9950596640571558
0.010983484057241017,0.014435763690510802,0.9953020867475145,0.9949456563046287
0.010697696140201645,0.014615135565577794,0.9953875897079837,0.9951356692255073
0.010841626023961113,0.014314368340916076,0.9953020867475145,0.9948696511362772
0.010728439862929892,0.014748910957577308,0.9954113405440839,0.9950216614729802
0.010872602316362818,0.015200318814400902,0.9953400880573013,0.9946416356312229
0.010725163811644674,0.014354282016720092,0.9953780893886063,0.9950596640571558
0.010732548824330224,0.013936405325139054,0.9953495883874378,0.9948696511362772
0.010783190841989813,0.014212625490050196,0.9953448382331286,0.9950976666413316
0.010642271620929027,0.014766085200157406,0.9953780893886063,0.9950976666413316
0.010918137190522082,0.014400760641396856,0.9953400880680604,0.9947176407995744
0.010637169177012372,0.01473645800081541,0.9953970900381202,0.9947936459679259
0.010694041642023944,0.014046882643690903,0.995373339223538,0.9950216614729802
0.010682715730211605,0.014864787225472203,0.9953733392266525,0.9948316485521015
0.010708314311745357,0.014879293477022847,0.9954445916995616,0.9947176407995744
0.010598726507609384,0.014995161567150611,0.9954493418646297,0.9945656304628715
0.01057721548901385,0.015151294223532636,0.9954398415344933,0.9946036330470472
0.010672222129691518,0.01394445594105205,0.9953828395429155,0.9947936459679259
0.010626366400362162,0.015656810532151087,0.995311587077651,0.9947176407995744
0.010725311852690616,0.014281922842172001,0.9953638388934015,0.9948316485521015
0.010589220792055298,0.01466299543298118,0.9953828395536745,0.9948316485521015
0.01048220311225639,0.014944578534509046,0.9954683425141437,0.9950976666413316
0.01054896425581767,0.015179248015870063,0.9954160906983931,0.9949456563046287
0.010555253444805169,0.015150986199819406,0.9953923398838109,0.9948696511362772
0.010589805665353983,0.014546623115135165,0.9953923398838109,0.9947936459679259
0.010439362128490028,0.015244997355037506,0.9954303412043568,0.9946796382153986
0.010715891225412685,0.014719922456391945,0.9954255910392886,0.9950976666413316
0.010353893476439384,0.014999016194809686,0.9954730926792119,0.9949836588888045
0.010492599488126088,0.014984525341147433,0.9953828395429155,0.9950976666413316
0.010521821298814484,0.014811765027561336,0.9954350913694251,0.9948696511362772
0.010607701144989667,0.015063051611095954,0.9954920933502439,0.9951356692255073
0.010508737050960068,0.015896928184336235,0.9954683425141437,0.9943756175419929
0.010449580069077834,0.015160334456773662,0.9954968435045531,0.9946416356312229
0.010381597321712168,0.015751241386627462,0.995482593023222,0.9948696511362772
0.01037501667514157,0.015050798826157608,0.9955585956504402,0.9951356692255073
0.010525826679863742,0.014971385534818483,0.9954778428581537,0.9948316485521015
0.010488174850568462,0.01465685635010494,0.9954160906983931,0.9949836588888045
0.01037692482586494,0.015277861824269497,0.9954920933502439,0.9946416356312229
0.010442455325976712,0.015360098854774757,0.9954635923490754,0.9947936459679259
0.010314885717684397,0.015613117899160379,0.9955680959913357,0.9948696511362772
0.010437422089986216,0.014795119987431465,0.9954968435153122,0.9950976666413316
0.010635099205404955,0.015465546155694137,0.9954778428550393,0.9948696511362772
0.010300305752371555,0.014630603625909051,0.9955775963214721,0.994907653720453
0.010246149192020987,0.015475873469141553,0.9956060973118815,0.9950976666413316
0.010342403415988449,0.016251207586655197,0.995534844825099,0.9944136201261686
0.010417726355414682,0.01517194158225182,0.9954635923490754,0.9947936459679259
0.010324364937174221,0.014798525169417018,0.9955585956611992,0.994907653720453
0.010205286076912923,0.014790268848134698,0.9954825930201074,0.9947176407995744
0.01016910414212704,0.015532737723201658,0.995634598302291,0.9952496769780345
0.01022156851461319,0.015684077877734227,0.9955585956611992,0.9946796382153986
0.010218284301020687,0.01487705971416166,0.995454092018939,0.9946796382153986
0.010332146148427092,0.0156515891435589,0.9955490953203038,0.9942616097894657
0.010171732552403247,0.015586328809512337,0.9955918468166769,0.9948696511362772
0.010165719666864829,0.01548766358450798,0.9956488487867367,0.9947556433837501
0.01043480640755432,0.014865812512819383,0.995534844825099,0.9948316485521015
0.010014995023174857,0.015287261594813426,0.9956725996228369,0.9950976666413316
0.010193577637241094,0.01510567183518482,0.995553845496131,0.9946416356312229
0.01034209481824261,0.01477715788829614,0.9954968435153122,0.994907653720453
0.010084796283597316,0.015890227984431037,0.9955965969709861,0.9946416356312229
0.010102935803861072,0.015326042879944286,0.9955823464865404,0.9948316485521015
0.010006574256506723,0.016544062341671353,0.9956203478070863,0.9948316485521015
0.01018594500321527,0.015843034502547218,0.9956630992850558,0.9942996123736414
0.01015034972384542,0.015521242653155704,0.9954920933502439,0.99448962529452
0.010069374848563765,0.016019177594500278,0.9955490953310627,0.9949456563046287
0.009975555652203429,0.016008635378966022,0.9957248514385875,0.9945276278786958
0.01037560547801354,0.015982757760120512,0.9954730926792119,0.9944136201261686
0.010092324477652643,0.015612303338485834,0.9956013471360543,0.9948696511362772
0.010136821844101303,0.016302288996174006,0.9955870966516086,0.994907653720453
0.010082773545086701,0.01605394608270726,0.9955775963214721,0.9947936459679259
0.010054722575423303,0.015548988243675671,0.9956440986324275,0.9949836588888045
0.01004534879742412,0.015850581162911555,0.9955205943437678,0.9949836588888045
0.009973899616938718,0.016140569481113014,0.9956013471468134,0.9946416356312229
0.009924604862637597,0.015161159876806928,0.995615597642018,0.994907653720453
0.010183456899894052,0.01589162233723767,0.9955823464757814,0.9946416356312229
0.01000082789177664,0.015674595388419192,0.9956013471360543,0.9948696511362772
0.009891975746982052,0.016296738613997993,0.9956678494577687,0.9947936459679259
0.010021517268055133,0.015127065409401156,0.9956013471360543,0.9947556433837501
0.010137847769209314,0.015275248465472048,0.9955823464865404,0.9946416356312229
0.00993006078561318,0.015556900482649544,0.9957343517687239,0.9947936459679259
0.00998040242714537,0.01621422644582051,0.9956725996259513,0.9946796382153986
0.009930109033456236,0.01656145574422183,0.9956820999529734,0.9949456563046287
0.010124151480090365,0.016419461193981005,0.9956203478070863,0.9948316485521015
0.009768725894085666,0.015588281605741808,0.9957866035737155,0.9948316485521015
0.0100501570689923,0.016579676110151376,0.9956678494577687,0.9950596640571558
0.010366887543956272,0.016287377416609614,0.9956250979613955,0.9949836588888045
0.010552410596701,0.01591236558881118,0.995653598962564,0.9948696511362772
0.010539584210917077,0.015783908006599876,0.9957343517687239,0.994907653720453
0.0099281904348237,0.015207706450798554,0.9956440986324275,0.9948696511362772
0.009950972901725414,0.016379640488344897,0.9956060973011226,0.9946416356312229
0.00988739258422115,0.017468797025039503,0.9956678494470096,0.9947936459679259
0.009810095352256234,0.01644900041013195,0.9957296016036558,0.9947556433837501
0.009897655001761567,0.016530783984474873,0.9956488487867367,0.9944516227103443
0.009769359162025076,0.016191646086077614,0.9957011006132463,0.99448962529452
0.010626583285852927,0.015987681725677626,0.9956630992927005,0.9946796382153986
0.01005636566087182,0.017366286787855175,0.9955918468166769,0.9950216614729802
0.010001123871112795,0.01577895869943485,0.9956488487974957,0.9946796382153986
0.009785606804811777,0.016574223163277405,0.9957296016036558,0.9947176407995744
0.00970519999922667,0.017413853754494654,0.9958103544098157,0.9948316485521015
0.009968580350627919,0.016162800984607907,0.9956488487867367,0.9946416356312229
0.009762498112459243,0.015765578168677005,0.995653598962564,0.9948696511362772
0.009599464056540588,0.016421703426253726,0.995777103243579,0.9944516227103443
0.009951474309527909,0.015624458253208231,0.9957058507675556,0.9944516227103443
0.009819982942908105,0.016832018134065898,0.9957438520988604,0.9947176407995744
0.00976946768286553,0.01683797805974321,0.9956773497879051,0.9946416356312229
0.010942341913957383,0.01588562847510931,0.995492093339485,0.9947556433837501
0.010699697409278047,0.01546651255373538,0.9956060973011226,0.9949456563046287
0.009786519676546356,0.015384939562145244,0.9957058507783145,0.9946796382153986
0.009593534322151168,0.016518665598110105,0.9957296015928967,0.9948696511362772
0.009623759174175885,0.016845459064476244,0.9957201012627602,0.9945276278786958
0.009590216468730078,0.01634975010762752,0.995734351757965,0.9947556433837501
0.009600182109510205,0.017132432243379455,0.9957628527591333,0.9947556433837501
0.009561028302355588,0.01698953219498096,0.9958293550700887,0.9948696511362772
0.009521884570171807,0.016381444484070824,0.9958246049050204,0.9948696511362772
0.009641000387272192,0.017913871105983168,0.9957628527591333,0.9947176407995744
0.009698358316007601,0.015779988305554223,0.995715351108451,0.9946036330470472
0.009748404240082397,0.016243669685709887,0.9957723530892698,0.9948316485521015
0.009893503040361752,0.017003158817376792,0.9956963504481781,0.9950216614729802
0.009708333042602428,0.016115797676588862,0.9958531058954299,0.9947176405821219
0.009583339318976775,0.017674079139857714,0.9957818534194063,0.9946416356312229
0.00939213149466393,0.017141964399897517,0.9958816068858393,0.9944136201261686
0.009619812550614209,0.01670111167849686,0.9957771032543381,0.9946416356312229
0.009456464634039737,0.016936101448226545,0.9957818534194063,0.9945276278786958
0.009914812083717202,0.016702963578149998,0.9957723530892698,0.9946036330470472
0.009560238689966914,0.016869600769465067,0.9957676029242016,0.9948316485521015
0.009552207354781735,0.01757621801771666,0.9958388554002252,0.9942616097894657
0.009593375575100984,0.016758601556225338,0.9958198547399522,0.9946796382153986
0.009722275030115905,0.016083299399170865,0.995796103914611,0.9945276278786958
0.009507860314044603,0.016786718893000013,0.9958056042447475,0.99448962529452
0.00956876577132865,0.017323884016058323,0.995815104574884,0.9946796382153986
0.009467253216011417,0.016710369334140794,0.9958578560604981,0.9947176407995744
0.009583749503237274,0.01640592026835701,0.9957581025833061,0.9948316485521015
0.009377928178157368,0.01669499368725083,0.9958246049050204,0.9945656304628715
0.009357526883599301,0.01920865465638399,0.9958578560497391,0.9944136201261686
0.009532639214418112,0.01748508747015566,0.9958531058954299,0.9946416356312229
0.009643870852294293,0.016803844803906006,0.9958626062148074,0.9946416356312229
0.009729459105253477,0.017029728596069344,0.9956820999529734,0.9945656304628715
0.009416832421213508,0.01785076887604038,0.9958721065557028,0.9946416356312229
0.009523469876828406,0.01684831036601612,0.9958293550700887,0.9945656304628715
0.009238276843011076,0.01709115391769974,0.9959006075461122,0.9945656304628715
0.009624482702416847,0.017541851006513957,0.9957723530892698,0.9944136201261686
0.00944105932792325,0.016715867929053354,0.995796103914611,0.9946416356312229
0.009507334401318703,0.01731068554996256,0.9957201012735193,0.994907653720453
0.009246608907354355,0.01812272708976949,0.9958056042339885,0.9947176407995744
0.009296987641598808,0.017813544101294057,0.9958626062148074,0.9945656304628715
0.009368841225489154,0.017880572847390013,0.9959101078762487,0.9941095994527628
0.009258608550371214,0.017563310521246,0.9959196082094997,0.9948316485521015
0.009521381261989094,0.018318268815712732,0.9958673563798756,0.9944516227103443
0.009326331787572542,0.017442332179120442,0.9958198547399522,0.9946796382153986
0.009558171650839057,0.017056137421470285,0.9957866035844746,0.9948316485521015
0.00943086381612728,0.017599079817441615,0.9959338586908308,0.99448962529452
0.009327462408460148,0.01796353635672171,0.9959291085365216,0.9946416356312229
0.009147584996135157,0.01769191063641103,0.995914858041317,0.9948696511362772
0.009470112169324224,0.01951207093649529,0.9958483557303617,0.9943376149578171
0.009788312474662478,0.017752136710846165,0.9958531058954299,0.9945656304628715
0.00977802142795892,0.01786042939878416,0.9958056042447475,0.9946416356312229
0.01030016005916632,0.01849394719423386,0.9956203478070863,0.9946416356312229
0.009941322779232351,0.017589531833151432,0.9959908606824087,0.9947936459679259
0.00991513022742957,0.01900254392821166,0.9958816068858393,0.9943756175419929
0.0107356973801578,0.018059157510902122,0.9958721065557028,0.9944516227103443
0.010553869787798579,0.018552446907044714,0.9958436055652934,0.9946416356312229
0.010635548380308732,0.01829961976129689,0.9954873431882901,0.9946416356312229
0.009302906467096892,0.018797827337154217,0.9960098613319226,0.9944136201261686
0.009171195860288027,0.01713192928331142,0.995957609526931,0.9944136201261686
0.009013759590984577,0.018439311340072963,0.9960716134916832,0.9946796382153986
0.009185570110019392,0.01809025891868802,0.9960098613426817,0.9950596640571558
0.009232530469153446,0.017006058721910935,0.9960668633235005,0.9947176407995744
0.009189326541217503,0.017813759541497606,0.9959101078762487,0.9946416356312229
0.009047173606740075,0.019344490962098053,0.9960383623330911,0.9944136201261686
0.009382851331678287,0.017924545784222857,0.995914858041317,0.9943376149578171
0.00938340175252739,0.01818753154232714,0.9959243583714534,0.9945656304628715
0.009122647676252423,0.019401382513316964,0.995957609526931,0.9941856046211143
0.009609426955123273,0.01814134433581114,0.9957771032543381,0.9947176407995744
0.009116279068312267,0.018048110383700747,0.9959243583714534,0.9946416356312229
0.009226614616773,0.01835846122130552,0.995914858041317,0.9947936459679259
0.009252529194344475,0.01836994272045012,0.9959006075461122,0.9950596640571558
0.009182213544176771,0.018321233652646773,0.9958863570509076,0.9946036330470472
0.009029499704804997,0.01855719605772006,0.9959813603415132,0.9944136201261686
0.009126662164332472,0.01783782370549403,0.9959861105173404,0.9943756175419929
0.00921062689564669,0.016989606492235652,0.995796103914611,0.99448962529452
0.008938905911516266,0.01856767071552832,0.9960526128282958,0.9946036330470472
0.009172875848935197,0.018502381293418732,0.9958103544098157,0.9941856046211143
0.00911116997324651,0.018713915153514102,0.9960193616620591,0.9947936459679259
0.009069231740681439,0.019212966990997133,0.9960051111776134,0.9949456563046287
0.009140812530212558,0.018175173438724657,0.9959148580444314,0.9944136201261686
0.009192354311417007,0.018800992705722486,0.9959813603415132,0.994071596868587
0.008991481266929337,0.018754034540586953,0.9960621131584323,0.9947176407995744
0.00915444747891357,0.01804810501556149,0.9960003610125452,0.9944516227103443
0.00911484883686755,0.019242280575956366,0.9959338586908308,0.9945656304628715
0.008870957994005864,0.018058797606940062,0.9959956108474769,0.9947556433837501
0.008979763641632521,0.0182306847595666,0.9960668633235005,0.9946796382153986
0.009204517574416331,0.019590550839460756,0.9959101078762487,0.9946796382153986
0.009013480151350887,0.019509476606643563,0.9959053577111805,0.99448962529452
0.009252053203814805,0.01987536900351776,0.9958768567207711,0.9946036330470472
0.009211790167390679,0.017993682219764093,0.9960003610125452,0.99448962529452
0.008955380960570445,0.01969683560864269,0.9960288620029546,0.9945656304628715
0.009001616603103646,0.01840528262023979,0.9960003610125452,0.9944516227103443
0.008903582523155132,0.019153783506772347,0.9960953643031509,0.9947176407995744
0.00881396980965319,0.019181583128176402,0.9960241118378864,0.9946796382153986
0.00911299229813906,0.02000560887411187,0.9959291085365216,0.9944516227103443
0.009044106239221595,0.01855644327422034,0.996057362993364,0.994907653720453
0.008884732013812475,0.01879506529782551,0.9959623596919993,0.9946796382153986
0.009106346365236925,0.017720977569714146,0.9959243583714534,0.9945276278786958
0.009014560790400823,0.01866023883337427,0.99601461150775,0.9942616097894657
0.009479080936974568,0.018972755543136724,0.9960716134885688,0.9942616097894657
0.009085955629304053,0.01891328127826597,0.9960098613426817,0.9943756175419929
0.009200012583604434,0.019545498112116925,0.9959433590317264,0.9945656304628715
0.009218130762734892,0.019919370295440397,0.9960098613426817,0.9937675761951813
0.009214412327624785,0.019779478178809835,0.9960288620029546,0.9944516227103443
0.009296057829349778,0.019470552904111604,0.9960953643139099,0.99448962529452
0.009172236379377195,0.018904676059591674,0.995995610836718,0.99448962529452
0.008964086492743701,0.018792113905078234,0.9959481091967946,0.9947556433837501
0.00902765515120916,0.01993236673643766,0.9960478626632275,0.9942996123736414
0.009104087771658654,0.018857264498540968,0.9959243583714534,0.9948696511362772
0.009125465509755397,0.019064788558429278,0.9961001144789782,0.9943376149578171
0.008806556163410424,0.019983954605067196,0.9961286154693876,0.9942236072052899
0.008900409437157857,0.0198556735044092,0.9960953643031509,0.9945276278786958
0.009473071879342961,0.018764051011485646,0.9959243583714534,0.9946416356312229
0.00896213875644338,0.01948605440026467,0.9961808672851381,0.9943756175419929
0.008793489549556636,0.01986737649584768,0.9960763636536369,0.994071596868587
0.008883159103626508,0.019402857747811905,0.995995610836718,0.9946036330470472
0.008993023124141866,0.020121943742448647,0.9961333656344558,0.9942996123736414
0.009077233535805777,0.019282158444815862,0.9960336121680229,0.9945656304628715
0.008950847966102694,0.01867035578418473,0.9960811138187052,0.9947556433837501
0.008967894643615987,0.019225561964117004,0.9961048646440464,0.9946796382153986
0.00911935088447985,0.018948716888155515,0.996057362993364,0.9943756175419929
0.008999822758686176,0.019584576757098102,0.9960953643139099,0.9946796382153986
0.008655371445684264,0.01921183460248293,0.9962663702563664,0.994071596868587
0.008962251144125705,0.020102724554342092,0.9961238653043193,0.9947556433837501
0.00930835105579291,0.020295987636145516,0.9960051111776134,0.9944136201261686
0.009479664883693138,0.019048508295747314,0.9960621131584323,0.9946416356312229
0.008767293417153368,0.021162580714690654,0.9961143649741828,0.9943376149578171
0.010452369882853,0.018741297881543877,0.9956393484566002,0.99448962529452
0.00881701808165035,0.020069167508496733,0.9961333656344558,0.9942236072052899
0.008556995299111334,0.019521176159737776,0.996237869265957,0.9947556433837501
0.008693400039414618,0.0193337660567832,0.996237869265957,0.9947556433837501
0.008581647183188684,0.02020327141614638,0.9961523662839697,0.9941856046211143
0.008659986698099217,0.017952620087264653,0.9961666167899335,0.9948316485521015
0.00893389915078979,0.021205216023619793,0.9960288620060691,0.9946036330470472
0.008502336219379302,0.021334668302143634,0.9961998679454112,0.9945276278786958
0.008579747909695996,0.02076109992030698,0.9962236187707523,0.9946036330470472
0.008421981208721781,0.020506319273847547,0.9961286154693876,0.9946036330470472
0.008652768260342246,0.0208657211133986,0.9962853709058803,0.9946416356312229
0.008987184295355563,0.01923928771018212,0.9960098613426817,0.9947176407995744
0.00848709465269388,0.020798330591008902,0.9961998679454112,0.994071596868587
0.008597019343026919,0.019380922793011703,0.9961808672851381,0.9946416356312229
0.008362260143232615,0.019761368434064577,0.9962758705865029,0.9946796382153986
0.008592725072025912,0.02011331709981587,0.9961808672851381,0.9941095994527628
0.008686497220292713,0.021054817679605514,0.9960668633235005,0.9938815839477084
0.00864956368827532,0.019427435223354772,0.9961096147983556,0.9946416356312229
0.00849189874138713,0.019568352478497513,0.9962806207408121,0.9942996123736414
0.00862173820527767,0.02051386360392346,0.9961903676152747,0.9943756175419929
0.008717704672202346,0.019849988159996033,0.9961903676152747,0.9946796382153986
0.008705489134263987,0.019298775397048436,0.9961808672851381,0.9944516227103443
0.008620358326900637,0.021381195480875463,0.9961761171093109,0.9943376149578171
0.008640085860051697,0.022804723721496483,0.9961998679454112,0.9943756175419929
0.008731464764522957,0.01886310510322063,0.9961856174502064,0.9947556433837501
0.008442006737783477,0.02253638574419413,0.9962426194310252,0.9940335942844113
0.00866327912200037,0.020402866343301455,0.9962093682755476,0.9944896250770675
0.008604314838932708,0.02100948643148429,0.9961808672851381,0.9941856046211143
0.00880589931282517,0.021960461491379403,0.9961951177803429,0.9942996123736414
0.008436257653644337,0.021226768822656183,0.9961903676045156,0.9946036330470472
0.008370217135843785,0.020912078280767635,0.9962663702456074,0.9944136201261686
0.00870650611703076,0.021680084919954646,0.9961618666248652,0.9942996123736414
0.008400865613540254,0.021003727101289574,0.9962283689358206,0.9943376147403646
0.008623226256119325,0.022861956338531376,0.9962473695960935,0.9942616097894657
0.008377860684708374,0.02220405418657762,0.9963186220752315,0.9941476020369385
0.008626553823763882,0.02000279231841789,0.9962568699154709,0.9947936459679259
0.008868360354962522,0.020579825960000738,0.9962473695960935,0.9945276278786958
0.008554718271691077,0.022176972071211873,0.9962046180997203,0.9942236072052899
0.008452306872194764,0.0208771789214545,0.9962806207408121,0.9943376149578171
0.008149879120775423,0.02166440955195736,0.9963281224022534,0.9943376149578171
0.008467102080568053,0.02080056961031784,0.9962236187707523,0.9943376149578171
0.008532400268828929,0.022313371070928147,0.9962473695853344,0.9943756175419929
0.008276033360343115,0.02055457293311416,0.996318622061358,0.9942236072052899
0.008471210785740374,0.02118420583865472,0.9963328725565627,0.9941095994527628
0.008469056919597099,0.021501965480984365,0.9963281223946089,0.9943376149578171
0.00831590619084056,0.02075574817351029,0.9962711204214346,0.9947176407995744
0.008315757134817164,0.021381591686005213,0.9963613735577311,0.9937675759777287
0.008394458503928169,0.021169443532846884,0.9962948712360168,0.9946036330470472
0.008741939671188465,0.022588749517501703,0.9961428659645922,0.9939195865318842
0.008575491880903315,0.021592207284407965,0.9961761171200699,0.9938435811460802
0.00848252555562806,0.02058171438536148,0.9962093682647886,0.9942996123736414
0.008414115200380714,0.02175765224481383,0.9962616200912982,0.9946036330470472
0.008287582601450875,0.021856991969955525,0.9962711204214346,0.9940335942844113
0.008663285735195172,0.021187570271804727,0.9961951177803429,0.994071596868587
0.008226764650723497,0.02145264526804561,0.9963233722295407,0.9943756175419929
0.008416515247958153,0.022953844409085742,0.9962806207515711,0.9938815839477084
0.008739589157495883,0.023109583359245945,0.996138115799524,0.9943756175419929
0.008059763181212154,0.021405629772562534,0.9964231257036182,0.9940335942844113
0.008213334298357668,0.022749792931261212,0.9962806207515711,0.9941476020369385
0.008600024028316507,0.02100176046613895,0.9963328725704361,0.9945276278786958
0.00842698194758469,0.021104148590791155,0.9963661237227993,0.9944136201261686
0.008197111333145385,0.022426230647105194,0.9963281224022534,0.99448962529452
0.008189185802150282,0.021994692179342155,0.9963661237227993,0.99448962529452
0.008386680559262364,0.021308400719770942,0.9962283689358206,0.9943756175419929
0.008278561274557873,0.022462933271630812,0.9962663702456074,0.9946416356312229
0.008780194615616929,0.021191838225113713,0.9963613735577311,0.9939575891160599
0.008354286058122743,0.02117111871016599,0.9962853709166394,0.9944516227103443
0.008194908254765149,0.021410883311975056,0.9963518732275947,0.9944136201261686
0.008753324097133199,0.021763331406730178,0.9962616200912982,0.9941095994527628
0.009156360999446769,0.0231221916789927,0.9961333656344558,0.9946036330470472
0.0084895509131199,0.022994744613517647,0.99625686992623,0.994071596868587
0.008065310789441378,0.02188488636722584,0.9964136253734818,0.9943756175419929
0.008370413013155355,0.023614340193567254,0.9963471230625264,0.9946036330470472
0.008606961426134528,0.021590641988915964,0.9962616200912982,0.9943756175419929
0.008685145216251107,0.022266067400389368,0.996318622072117,0.9942996123736414
0.008134701040949776,0.021016808710203786,0.9964326260337547,0.9946416356312229
0.008144129146808017,0.02259103756305694,0.9964516266832686,0.9946416356312229
0.008186956372364678,0.023217575670011637,0.9963328725565627,0.9945276278786958
0.008527199505420129,0.0217615494276129,0.9962758705757438,0.994071596868587
0.008111838225585095,0.022829339935308317,0.9963946247132088,0.9947176407995744
0.009028306686782913,0.02209803159690206,0.99625686992623,0.9942236072052899
0.008529753472682608,0.02290923749693766,0.9964468765289594,0.99448962529452
0.008539041432561829,0.021906872033927625,0.9963661237227993,0.9948316485521015
0.008375290580883992,0.022745126049454268,0.9964373761988229,0.9947176407995744
0.008588237367464386,0.023400270707249538,0.9963898745373815,0.994071596868587
0.009078996350194924,0.022413255259682175,0.9962663702563664,0.9943756175419929
0.009528855680741537,0.025380220240784148,0.9962663702456074,0.9941095994527628
0.009988046833053077,0.022668786263580355,0.9962711204214346,0.9945276278786958
0.010667089491590735,0.019610674731398565,0.9960146114969909,0.9942236069878374
0.009781549793905997,0.021836977383784966,0.9957866035844746,0.9940335942844113
0.008241030432299751,0.02233161261243488,0.9962711204106757,0.9939575891160599
0.008074207280415737,0.022847808817507847,0.9963518732275947,0.9945656304628715
0.008032185298730737,0.02228272400127209,0.996541879830324,0.9946036328295946
0.008017113704827475,0.022439904676134752,0.9965086286640874,0.9942616097894657
0.008192225968315927,0.022515605630819852,0.9964326260337547,0.9945656304628715
0.00803106002764868,0.022367941273749102,0.9964088751976545,0.994071596868587
0.007998371208149717,0.024624715162061158,0.9964278758686864,0.9938815839477084
0.008242524441816236,0.0231925126916821,0.9964136253734818,0.9942236072052899
0.008374407476250166,0.02290509494179457,0.9963328725673217,0.9942616097894657
0.008101465872658996,0.02212753954784561,0.9963613735577311,0.9941856046211143
0.008139907896869634,0.02139924862933473,0.9964468765289594,0.9944516227103443
0.008083795686409576,0.022573920368187415,0.9963946247024498,0.9941856046211143
0.008195170085834516,0.021628511447132147,0.9963946247024498,0.9946036330470472
0.008284747004485348,0.022470292863367734,0.9963613735469721,0.9944516227103443
0.007982017608670131,0.022655990348289044,0.9965133788291557,0.9943756175419929
0.007847595745533356,0.023187986816197267,0.9964468765289594,0.9942616097894657
0.007966227460436114,0.022102838977783444,0.9965371296652559,0.9944136201261686
0.00805049031187529,0.024271992796701006,0.996399374878277,0.9939575891160599
0.008039515967313875,0.023898926259821117,0.9964373761988229,0.9938435813635327
0.008187663767670262,0.022750030426233338,0.99641837553855,0.9942616097894657
0.008111590441358818,0.02278462718428144,0.9963471230625264,0.9942616097894657
0.007920448616582114,0.023211813967747456,0.9965181290049829,0.9943756175419929
0.007983141903947132,0.022767322877056864,0.996318622072117,0.994565630245419
0.008066757850484003,0.023635708130576142,0.9963803742180041,0.9938435813635327
0.00788285058758482,0.02262277423757447,0.9964848778495052,0.9941856046211143
0.007918723611031398,0.02250470797546667,0.9964231257036182,0.9941856046211143
0.008192232805842633,0.02403282244496731,0.996318622072117,0.994071596868587
0.008017038179439785,0.023187539727458423,0.99641837553855,0.9945276278786958
0.008561005699551698,0.022696900317327046,0.9962901210817076,0.994071596868587
0.008281872084712915,0.021908652515006132,0.9963233722371853,0.9942616097894657
0.007937093067631792,0.024112739558300875,0.9966083821412794,0.9943756175419929
0.00784582749025156,0.02178208018562348,0.996480127673678,0.9944516227103443
0.008003114612978738,0.023199601571581803,0.9964516266832686,0.9943376149578171
0.008024792938412089,0.02307338769016893,0.9964896280038145,0.9946036330470472
0.007986910981469272,0.023014521712971418,0.9963708738878676,0.9946416356312229
0.007821824096381125,0.02193146154786062,0.9965086286748465,0.9945656304628715
0.007952031968157526,0.024239371111315213,0.9965418798195651,0.9938815839477084
0.00792915323304212,0.023630361156104215,0.9965608804905971,0.9942616097894657
0.007946079108675305,0.024052290875986225,0.9964611270241641,0.9938435813635327
0.007890094988617811,0.023011829487620105,0.9964611270241641,0.9948696511362772
0.008108446954396331,0.02143324919033929,0.9964563768483369,0.9943376149578171
0.007791812088290946,0.023217697345886763,0.9964943781796417,0.99448962529452
0.007790496773601501,0.02479548229913048,0.9965371296652559,0.9935775632743027
0.00801689195583715,0.021510326141425562,0.9963946247132088,0.9945656304628715
0.008087002189437175,0.023254356463484005,0.9963138719070488,0.993805578779357
0.007873025490242751,0.02293009705796469,0.9965513801604606,0.994071596868587
0.0077575601082587485,0.025068786470497678,0.9965086286779609,0.9941856046211143
0.008243356134544778,0.023460434964361294,0.9963756240529359,0.9943376149578171
0.00807965482274026,0.023085188621108928,0.9964611270165196,0.99448962529452
0.007788746169490734,0.02492793892136701,0.9965466299985067,0.9939955917002357
0.007689279720286217,0.023886740747312923,0.99649912834471,0.9939575891160599
0.008007411985814087,0.023719567360784417,0.9965276293351194,0.9939955917002357
0.00792586975264164,0.021640583515223015,0.9964468765289594,0.994071596868587
0.00782357359363148,0.023198944371091327,0.9965561303147698,0.9942616097894657
0.007797186807668519,0.024690753215686208,0.99641837553855,0.9937675761951813
0.00794011131123912,0.024390264956094847,0.9964896280145735,0.9939955917002357
0.007906690325199934,0.023356528437064355,0.9964753775193688,0.9945276278786958
0.007964889729938213,0.02435256567825028,0.996399374878277,0.9939195865318842
0.007882924779931424,0.02309451888276023,0.9965941316460747,0.9941476020369385
0.007569386590352529,0.023815723814456288,0.9966511336268935,0.993805578779357
0.007772709451139104,0.02301292024468092,0.9966701342871664,0.9944136201261686
0.0077922898030229415,0.02497393335858124,0.9966083821412794,0.9935775632743027
0.007994272078477867,0.02396439554190408,0.9963898745481405,0.9936535684426541
0.00827316205046406,0.02453145615857487,0.9964088752084135,0.9939575891160599
0.0075353651377702635,0.024601091760488667,0.9965846313159382,0.9942616097894657
0.007832306857531581,0.023360143720157198,0.9964516266940276,0.9942996123736414
0.007822555437800471,0.024318351133983417,0.99657988115087,0.9939195865318842
0.00788228008837075,0.025663150667195277,0.9965371296652559,0.993805578779357
0.0076573057246538305,0.023614031355123733,0.9965418798195651,0.9941095994527628
0.00773259997454136,0.0264751271296428,0.9965703808099745,0.994071596868587
0.007696350042674726,0.025305383515542748,0.9964896280145735,0.9945276278786958
0.008314111942345328,0.02417154935462495,0.9964041250433453,0.9941476020369385
0.00772651474064841,0.023981757955858538,0.9965323795001876,0.9942236072052899
0.007868462585906538,0.02534125056059729,0.996598881811143,0.994071596868587
0.007419079354026005,0.024633543729082604,0.9966511336268935,0.9939575891160599
0.007712044628498703,0.0241143397063919,0.9966321329666206,0.9942616097894657
0.007694415932596378,0.023620044940309903,0.9966226326257251,0.9939195865318842
0.007695527479558961,0.023495707832797943,0.9965561303255288,0.99448962529452
0.007799307358265179,0.02337631537435164,0.9965656306556653,0.9943376149578171
0.00764522655382434,0.02355556140609265,0.9965133788399146,0.9937675761951813
0.007865594427505847,0.02381808275485435,0.9965371296544968,0.9946416356312229
0.0079407808918848,0.024525844386928553,0.9965513801604606,0.99448962529452
0.007650214064440385,0.02367911300523323,0.9966321329666206,0.9943756175419929
0.007803638241559947,0.025058821300350448,0.9966748844414757,0.9941476020369385
0.00817936274350868,0.025375663915592005,0.9964706273543006,0.9936155658584783
0.007588452780330735,0.026892642517942003,0.9966843847716121,0.994071596868587
0.008043712741904248,0.027111861151136805,0.996541879830324,0.9936535684426541
0.00939742727068325,0.021594318462528093,0.9963423728974582,0.9940335942844113
0.008451866634805193,0.024872295764340583,0.9963281223914945,0.9942236072052899
0.007483845029958305,0.025563663238545677,0.9965846313159382,0.9943376149578171
0.007549267738484739,0.023726733763555476,0.9965893814702474,0.9942236072052899
0.007363194203250185,0.02312798923710522,0.9967223861029171,0.9940335942844113
0.00777416940979868,0.02420997772086348,0.9965941316460747,0.9939575891160599
0.007534390954562729,0.0255760860105586,0.9967081355969534,0.9941095994527628
0.007302586161228402,0.023832134960246942,0.9966843847716121,0.9942616097894657
0.007557975564125937,0.02609941271330982,0.9965276293351194,0.994071596868587
0.007727464447014165,0.025697445550465874,0.996641633296757,0.993805578779357
0.007547150426237889,0.024189800754643366,0.9966748844522347,0.9942616097894657
0.007501131690465019,0.025273640538697687,0.9966036319793257,0.9944136201261686
0.007439846052929547,0.025171568005621755,0.996722386092158,0.9943756175419929
0.007554502718602545,0.024013634750722452,0.9966178824714159,0.9941476020369385
0.007443590332151178,0.02476261455607702,0.9967366365981218,0.9941476020369385
0.0077271515802182335,0.026482851538073678,0.9965466299953923,0.9939195865318842
0.007453497443611183,0.024910730306413262,0.9966226326257251,0.9938815839477084
0.007649807816911704,0.02503293785934084,0.9966131323063476,0.9937675761951813
0.007633330325464365,0.025157494841799244,0.9965561303255288,0.9942616097894657
0.007542132767900629,0.023798238734879688,0.9966938851017486,0.9946036330470472
0.007920807625027495,0.025685195655578592,0.9964136253627227,0.99448962529452
0.007579837504113896,0.025441781777888254,0.9965656306556653,0.9941856046211143
0.007516476884063215,0.026628635493504246,0.9966321329558616,0.9941476020369385
0.007608610835708331,0.026440625614591044,0.9967318864222945,0.9946036330470472
0.0072724350302696365,0.02449823535452753,0.9966558837919618,0.9943376149578171
0.007610006315391763,0.024018836188328067,0.9964706273543006,0.9945656304628715
0.0078762898399379,0.025118270373987873,0.9965086286748465,0.9946796382153986
0.0071704371100841996,0.02541497133698711,0.9968316398994865,0.9941856046211143
0.008014766285478116,0.024882103315397558,0.9965276293351194,0.9938815839477084
0.007677513108747349,0.025719132344643705,0.9966368831209298,0.9939195865318842
0.007693557946192151,0.0249400042562971,0.9966178824714159,0.9944136201261686
0.0074717908131272095,0.025010914888717543,0.9966321329666206,0.9941476020369385
0.007369380187261947,0.023846179393233437,0.9966701342871664,0.9941476020369385
0.007428665608573876,0.026365572686002828,0.9966036319762112,0.9942996123736414
0.007409123519150234,0.025922104820656235,0.9966748844553491,0.9939575891160599
0.007949667804789614,0.02435195109606243,0.996541879830324,0.9947556433837501
0.007295440568044965,0.025190732388824345,0.9966368831209298,0.9935015581059512
0.007173936019951676,0.027536481902748093,0.9967651375885312,0.9939195865318842
0.007409967784270813,0.02531634065002062,0.9967936385789407,0.9939195865318842
0.007426828894436344,0.026805281407878842,0.9967556372583948,0.9940335942844113
0.007762605761215835,0.026545497848913996,0.9965941316460747,0.9936915710268298
0.007453645076524424,0.02603306932455318,0.9966986352775759,0.993805578779357
0.007418952596822147,0.02626500100948122,0.996760387423463,0.9941095994527628
0.007586187160670893,0.025891476743429516,0.9966843847823712,0.9941476020369385
0.007481926006668587,0.027096177284560003,0.9967271362679853,0.994071596868587
0.007427391315343934,0.02365344482187844,0.9967033854426441,0.9948316485521015
0.007288710180657427,0.027014472918841043,0.9967271362572263,0.9938435813635327
0.0073056541152776,0.026726631309827265,0.9966843847716121,0.9940335942844113
0.007474114876414557,0.02625220215605459,0.9965846313190527,0.9940335942844113
0.008300165539809706,0.027134438053071676,0.9964706273543006,0.9937675761951813
0.007353888213190866,0.02628965223584701,0.996779388072977,0.9944516227103443
0.007326500731666763,0.026302646587677225,0.9966843847716121,0.9941095994527628
0.007489007625505511,0.027513948151162718,0.9966368831316889,0.9938815839477084
0.007198280392116701,0.026602317728775023,0.9967651375885312,0.994071596868587
0.00757716076195948,0.02560825195520105,0.9966368831316889,0.9940335942844113
0.00741095922999634,0.02545928810621195,0.9966226326364841,0.9942996123736414
0.007326719970593277,0.02584125726526446,0.9968126392284545,0.9941095994527628
0.007240761595322892,0.025677531889884784,0.996712885775895,0.9939195865318842
0.007330862636015581,0.026050768963982826,0.9967841382488042,0.9940335942844113
0.008162008525850056,0.027285519310371553,0.9965181290049829,0.9938435813635327
0.007456633391501705,0.026100196872703065,0.9967176359378488,0.9935775632743027
0.007278461180355568,0.025810577701665026,0.9966986352775759,0.9941856046211143
0.007129856748278992,0.0283629216082572,0.9966653841113392,0.9940335942844113
0.007532080902522249,0.0258120837618524,0.9966558837919618,0.9943376149578171
0.008043662345049345,0.02690730580431195,0.9965371296544968,0.9940335942844113
0.007515430986193582,0.02481562430492782,0.9967081355969534,0.9944516227103443
0.00822116857856472,0.026100620768752712,0.9966131323063476,0.9945276278786958
0.00837794003957275,0.026915372332935037,0.9965941316460747,0.9943376149578171
0.00804446149234201,0.026026904245154314,0.9965703808207336,0.9945276278786958
0.007135497564405946,0.026596878535724965,0.9968506405597595,0.9939195865318842
0.0076645279782953605,0.02611918977143823,0.9966891349474394,0.9934635555217755
0.007287116810501045,0.027099251449532128,0.9966226326364841,0.9941476020369385
0.007477099193845263,0.02618863243562099,0.9966938851125077,0.9939575891160599
0.007495819230452828,0.024740161340818332,0.9965608804905971,0.9942236072052899
0.007001404385322046,0.02697249591770171,0.9968933920453735,0.9938815839477084
0.0069822241062017475,0.026895857802775907,0.9968031389090771,0.9936535684426541
0.007487705431343035,0.026239574016229884,0.9966701342871664,0.9937295736110056
0.007581971001884564,0.027338848471702204,0.9966843847823712,0.9938815839477084
0.007611644104257576,0.02558106815439187,0.9966701342764075,0.9944516227103443
0.007192772132055434,0.025690324518577872,0.996641633296757,0.9943376149578171
0.007072182213073756,0.02699841764605783,0.9969123927056465,0.9939195865318842
0.0070720201772580355,0.026530500502827674,0.9968506405597595,0.994071596868587
0.007439801710657745,0.027551781850484344,0.9967033854426441,0.9937295736110056
0.0070985767370661465,0.026574404324192752,0.9968078890741453,0.9934635555217755
0.007165878487600743,0.026639406339816044,0.996660633946271,0.9933115451850726
0.007299883280953105,0.026354043121593555,0.996679634606544,0.9942616097894657
0.0075096370542362175,0.02593522448684252,0.9966273828015524,0.9938435813635327
0.007283842108893713,0.0284341891587171,0.9967318864330535,0.9939955917002357
0.00684259764755547,0.028300018282531987,0.9968791415501689,0.9942236072052899
0.007260524188993013,0.026350968109144078,0.9966368831316889,0.9940335942844113
0.007162502623551136,0.025440162803775354,0.9966701342764075,0.9943756175419929
0.00722259524018786,0.02641777927725761,0.9968648910580786,0.9941476020369385
0.007285161125479407,0.025392958472969226,0.9967413867663045,0.9945276278786958
0.007301158458702686,0.02600474093574995,0.9967271362679853,0.9938435813635327
0.0071047386449600665,0.027881812194514542,0.9968363900537958,0.994071596868587
0.007223226137678697,0.025720761560619507,0.9967176359378488,0.9944136201261686
0.007545372855855945,0.025134114463134915,0.9966891349474394,0.9941476020369385
0.007273408977503873,0.026401937121921522,0.9967271362679853,0.9946416356312229
0.007316623906527915,0.0240427802458132,0.9967888884138724,0.9943756175419929
0.007177104843523635,0.027670925531754785,0.9967318864330535,0.9940335942844113
0.007271286765848936,0.026769255206701408,0.9967936385789407,0.9944136201261686
0.007258743967500289,0.028238740334846277,0.9966796346173029,0.9943756175419929
0.007001363164898085,0.026650423646415827,0.99674138676319,0.9943756175419929
0.007172162088684556,0.027897424661889776,0.9968031388983181,0.9947176407995744
0.007366430351898555,0.027655112829716322,0.9966701342871664,0.994071596868587
0.007455028889974108,0.025972347590441838,0.9966843847823712,0.9942616097894657
0.00685913687207446,0.027058620023042435,0.9969266432008512,0.9935015581059512
0.007059039100073478,0.026854536698469218,0.996841140229623,0.9939575891160599
0.007451135197377799,0.026533376971277268,0.99666063395703,0.9936915710268298
0.007289488337683418,0.027858433445983252,0.9967033854426441,0.9936535684426541
0.007233186637895317,0.028658750263335305,0.9968363900537958,0.9939195865318842
0.007771689289530992,0.02717013926296733,0.9967746379186677,0.9937295736110056
0.0070571657793806015,0.027184189249469908,0.9967651375885312,0.9942616097894657
0.007168220157069683,0.026782260353418182,0.9968648910549641,0.9933875503534241
0.0075376705527438565,0.027968944995532753,0.9967698877428405,0.9940335942844113
0.007508936405718871,0.027961447288567764,0.9967271362679853,0.9942236072052899
0.0072796296801668865,0.026541289366315095,0.9968553907248277,0.9939195865318842
0.00728833663592299,0.025219830374023262,0.9967556372583948,0.9939955917002357
0.007129732527908699,0.029615233900767885,0.9967983887440088,0.9937295736110056
0.007706749413990219,0.027752403955658315,0.9966131323063476,0.9941095994527628
0.007100281053266888,0.029036863570815006,0.9968316398994865,0.9939195865318842
0.006720368599829363,0.028665954787448003,0.9969266432008512,0.9947176407995744
0.0071767092106987136,0.028580507849165944,0.9968886418803053,0.9943376149578171
0.007702823355075575,0.028736585314589665,0.9967176359378488,0.9938435813635327
0.007293033599642466,0.027353421363821635,0.9968173894042818,0.9939955917002357
0.007579881423823743,0.03011524510984177,0.996760387412704,0.9937295736110056
0.007783752000404845,0.026275852432794726,0.9968078890741453,0.9942996123736414
0.00796107940562642,0.028473364661338943,0.9966653841113392,0.9939575891160599
0.0073102434233752595,0.025693585964577638,0.9967983887440088,0.9943376149578171
0.007567508293073549,0.027458374671029045,0.9967888884138724,0.9946036330470472
0.007475060746780601,0.029045875714251955,0.9968173893935228,0.9938435813635327
0.007459048646215451,0.027498467931106427,0.996779388072977,0.9943376149578171
0.007619808624797833,0.028241634203311904,0.9967936385789407,0.9936535684426541
0.007551938986409738,0.027435776907076086,0.9967271362572263,0.9942616097894657
0.0072334145114679935,0.028032768582660465,0.9967508870933265,0.9939955917002357
0.0071779816575963445,0.027579476217532733,0.9968458903946912,0.9939575891160599
0.007214364257476235,0.029622564135147845,0.9968126392392136,0.9940335942844113
0.007107896235839768,0.027470000974358713,0.9967888884138724,0.993995591482783
0.007179181403859236,0.02779261893838223,0.9967176359270898,0.9936915710268298
0.006925494586574695,0.02775073985512834,0.9968601408898959,0.9942616097894657
0.0071861894720188545,0.026848975732506195,0.996679634606544,0.9942996123736414
0.007130212655816886,0.02903002229895421,0.9968031389090771,0.9940335942844113
0.007424488920617814,0.0278799054380364,0.9968173894042818,0.993805578779357
0.007177044319975068,0.02729545664835395,0.9968743913851006,0.9946416356312229
0.006801230058900286,0.029073891495611424,0.9969456438611242,0.9938435813635327
0.00708922687467463,0.028231018338124653,0.9968696412200324,0.9939955917002357
0.006754820277347273,0.02849157838394148,0.9968886418803053,0.9940335942844113
0.007254160354020429,0.027246025266482416,0.996760387423463,0.9939575891160599
0.007717202083985738,0.02971676706159015,0.9966511336268935,0.9937295736110056
0.007211639580720733,0.027849276577862004,0.9968316398994865,0.9941095994527628
0.006946629036011765,0.02788645999803839,0.9968838917152371,0.9937675761951813
0.006735313527597131,0.02847430708634025,0.9969551441912606,0.9941095994527628
0.00710885642696401,0.02708461293578877,0.9968981422104418,0.9943376149578171
0.0071682078165071425,0.028355976698837382,0.9968838917152371,0.9938435813635327
0.007055679127109204,0.026900485168044674,0.9968886418695463,0.9941095994527628
0.006816426407479046,0.028573948956800977,0.9969313933659195,0.9941095994527628
0.006810970408976162,0.028576895732272116,0.9968933920453735,0.9939195865318842
0.0072424719955195655,0.02904624942842287,0.996940893696056,0.9942996123736414
0.00711686959633594,0.029300013988229894,0.9968648910442052,0.9942236072052899
0.007075313937797106,0.026403906586839547,0.9969313933659195,0.9940335942844113
0.0071015148449961665,0.030337425164326314,0.9968458903946912,0.9938435813635327
0.007219227516321227,0.029184628642928687,0.9967651375885312,0.9938435813635327
0.007445880418235389,0.028612935351447957,0.9967366365981218,0.9942616097894657
0.007415752042596603,0.029906356099647133,0.9968601408898959,0.9936155656410258
0.007431992343011834,0.0297928978479247,0.9968553907248277,0.993121532264194
0.007154734035486354,0.026079081839844958,0.9967556372476357,0.9936155658584783
0.007231470757793741,0.028654559175487777,0.9968316398994865,0.9936535684426541
0.006921707679619092,0.027106917695153443,0.9968696412200324,0.9941095994527628
0.0073384448516061965,0.0280177082924722,0.9967793880837359,0.99448962529452
0.0069100567423335205,0.0277383759801082,0.9969551441912606,0.9943756175419929
0.007022334197702741,0.02817158008295415,0.9969361435309877,0.9940335942844113
0.009143450790804798,0.03109205296524155,0.9966653841220983,0.9939195865318842
0.008392539631476886,0.02879815040344941,0.9966843847716121,0.9941476020369385
0.007184694831639666,0.030179289640809785,0.9968078890633864,0.9935775632743027
0.0071088567551035155,0.0291731903855462,0.9969361435309877,0.9939575891160599
0.006773053119073154,0.02959945877965162,0.9969883953467383,0.9938435813635327
0.0075061308181771785,0.02886693737973459,0.9967841382488042,0.9935395606901269
0.00752630331431993,0.02853852711801139,0.9968553907248277,0.99448962529452
0.007575532149689521,0.02824526958270143,0.9968363900537958,0.9942616097894657
0.0073513518885893895,0.026879543630700584,0.9969171428707148,0.993805578779357
0.006905239554295028,0.02710301010647744,0.9968316398994865,0.9943756175419929
0.007116299008461217,0.028769478640434352,0.9968221395693501,0.9939195865318842
0.00751478278950393,0.027143332039967247,0.9968981422104418,0.9936155658584783
0.007378243953170309,0.027541509112768967,0.9969076425405783,0.9939195865318842
0.007503433471074437,0.03226058599310642,0.9967793880837359,0.9935395606901269
0.007267036279255291,0.03054130260583691,0.996921893035783,0.9933115451850726
0.007516125799638216,0.029504687228210556,0.9967841382488042,0.9933875503534241
0.007616493543215264,0.02779124225220457,0.9968078890633864,0.9935395606901269
0.0066811863448074955,0.02770924113077038,0.9969361435309877,0.9941476020369385
0.006996096097413538,0.032356794883143206,0.9967983887332499,0.9930835296800182
0.007338963178388873,0.029566425701820765,0.9968696412200324,0.9936915710268298
0.006904013230451972,0.030371334932187882,0.9968126392284545,0.9944136201261686
0.00687904951379971,0.03236787459742486,0.9968648910549641,0.9939195863144317
0.007420498489812463,0.029348316984092227,0.9967366365981218,0.9938435813635327
0.007279863838125461,0.031204109009925624,0.9968221395693501,0.9938435813635327
0.00693352193682987,0.027976281143823452,0.9968838917152371,0.9939575891160599
0.007015772678360643,0.029662365530165713,0.9968506405597595,0.9942236072052899
0.006881121516110707,0.028192542486096706,0.9968743913743416,0.994071596868587
0.0069704517845293685,0.028517040929615416,0.9969361435309877,0.993805578779357
0.006980393057176248,0.0291034670409699,0.9968886418803053,0.994071596868587
0.007126398143402764,0.030798303115936124,0.996921893035783,0.9935775632743027
0.007002798147200718,0.02975945737382569,0.9968933920453735,0.9942996123736414
0.007069106639353249,0.028923552772849928,0.9968696412092733,0.9941095994527628
0.006596951750510374,0.02843533468302409,0.9970691481421393,0.9935775632743027
0.006527048002585644,0.030062939390608643,0.9969788950166019,0.9939575891160599
0.007027287428152766,0.02823227619649702,0.9968506405597595,0.9941856046211143
0.007286902978717117,0.02875733320283671,0.9967556372476357,0.9942996123736414
0.006713369900301044,0.0272420054832014,0.9969646445213971,0.9941095994527628
0.007028308942277116,0.031063378532093275,0.9968031389090771,0.9933495477692483
0.00715297651682418,0.026406391090271385,0.9968173894042818,0.9942616097894657
0.006736932013680918,0.030383869589796886,0.9969693946864654,0.9942616097894657
0.007232439017889206,0.029788136861241116,0.9968126392392136,0.9936535684426541
0.007093833606113496,0.02887527202337427,0.996921893035783,0.9937675761951813
0.007266196840543069,0.030573818807710595,0.996822139558591,0.9936915710268298
0.00936679912810408,0.026203501080485605,0.9965038784990192,0.9936915710268298
0.008197375581852009,0.02991285725656454,0.9965228791700511,0.9941856046211143
0.006934119405842135,0.02838512353221768,0.9969456438611242,0.9937675761951813
0.006728840864009555,0.029925667625956814,0.9970691481528983,0.9939575891160599
0.006511932574226315,0.029459321400363333,0.9970311468323524,0.9940335942844113
0.006674232017866728,0.02886277413723511,0.9968743913743416,0.9942996123736414
0.0066305176706974505,0.029524992811674432,0.9969693946864654,0.9938435813635327
0.006869587046329758,0.03091142069296691,0.9968078890741453,0.9936535684426541
0.0072518515095719325,0.029861987522892118,0.9968743913851006,0.9935775632743027
0.006890529983436966,0.0322139357790274,0.9969266432008512,0.9934635555217755
0.006557633394852709,0.028317806395150857,0.9970501474926253,0.9936915710268298
0.007037229366606302,0.026954478222463826,0.9968791415501689,0.9937295736110056
0.0073077462489277755,0.029210765074690503,0.9967223861029171,0.9939955917002357
0.007158147784190272,0.029119005798627473,0.9967793880837359,0.9941476020369385
0.006553110840338279,0.03022502756571192,0.997002645831184,0.9943376149578171
0.00690608600465535,0.028193472727593535,0.9967746379186677,0.9939955917002357
0.006592000910839571,0.030408365045945393,0.9969123927056465,0.9935395606901269
0.0067978423307327555,0.029368762273967584,0.996921893035783,0.9934255529375997
0.006923007273551894,0.03008753226664458,0.9969456438611242,0.9941476020369385
0.006549861192551501,0.029611131667839373,0.9969551441912606,0.9936535684426541
0.007902630541169079,0.028740503761014027,0.9968126392392136,0.9942616097894657
0.00681377287964034,0.027869298527901133,0.9967983887440088,0.9945656304628715
0.0065373016317737545,0.03091131795389713,0.9969836451709111,0.993805578779357
0.0071918661895942655,0.028399877487564302,0.996760387423463,0.9938435813635327
0.00677345011331408,0.029170443337939667,0.9969123927056465,0.9934255529375997
0.006535065307566525,0.029193109652440378,0.9969076425405783,0.994071596868587
0.006856272740257505,0.03112775347862505,0.9968268897344182,0.9933875503534241
0.006880104041971058,0.0266938294820103,0.9970548976576936,0.9939955917002357
0.0066780377138316,0.028971380053828908,0.9969503940154334,0.9936535684426541
0.006600022005806485,0.027339082084669737,0.9969693946757063,0.9939955917002357
0.0071706004042936715,0.028658607258650447,0.9968743913851006,0.9937675761951813
0.006601663173242837,0.029797328266904732,0.99698364518167,0.994071596868587
0.006514776121026443,0.02913194489589766,0.997083398648103,0.9935395606901269
0.00676555882813883,0.0296940003199968,0.99690289237551,0.9937295736110056
0.006477688890886052,0.028759762698821207,0.9969883953467383,0.9939955917002357
0.006882043077640281,0.029231759431003063,0.9968838917152371,0.9939575891160599
0.007023590113575215,0.02805269534369476,0.9968078890741453,0.9935395606901269
0.006358101196343354,0.029812481678920682,0.997102399308376,0.9935775632743027
0.006628218857123276,0.027495186192023444,0.9969693946864654,0.994071596868587
0.006841792594135062,0.030788543500880963,0.9969978956799892,0.9942996123736414
0.006637728059187255,0.030229772217685125,0.9969931455118065,0.9944136201261686
0.007037743728742878,0.02682534324262834,0.9967461369282583,0.994071596868587
0.00703481391515163,0.029248813915592285,0.9968601408791369,0.9939955917002357
0.006575137641600544,0.029836196725522117,0.9970406471624889,0.9935395606901269
0.0070146390310997595,0.028499777002802023,0.9969266432008512,0.9942236072052899
0.006769266347198237,0.029493707469732823,0.9969836451709111,0.9939575891160599
0.007054993963112602,0.030098804714252463,0.9969076425405783,0.9934255529375997
0.007011279066055748,0.029388356277726714,0.9969171428707148,0.9940335942844113
0.006754470451964357,0.02899427301635258,0.9969836451709111,0.9942616097894657
0.0068139430575937234,0.03200223437366816,0.9969646445213971,0.9938815839477084
0.006554613767134846,0.031012292970696385,0.9969598943563289,0.9942996123736414
0.006463507916035624,0.03119597152673459,0.9970263966672842,0.9936535684426541
0.006710783870296974,0.02951596717832118,0.9969171428599557,0.9937675761951813
0.006694106054714973,0.030326180564973097,0.9969741448515336,0.9939575891160599
0.007279134575605839,0.029213987120381604,0.9967793880837359,0.9941095994527628
0.006847651397878812,0.02960041670789201,0.9969123927056465,0.9935015581059512
0.006381295954848628,0.030526357573873668,0.9969693946864654,0.9937295736110056
0.006736037607189591,0.03087563751918366,0.9969313933659195,0.9936155658584783
0.00656190679824271,0.03050592087754962,0.9969741448515336,0.9938435813635327
0.006698118195112929,0.03099985301167818,0.9968696412200324,0.9941856046211143
0.006506983872808286,0.02950736297389226,0.9969741448515336,0.9941095994527628
0.006997402876948381,0.029517819589168267,0.9968506405597595,0.9941095994527628
0.0069205090433343735,0.031058142057019483,0.9968363900537958,0.994071596868587
0.006327227621935971,0.030778971968656563,0.9971261501337172,0.9937675761951813
0.006710101197432812,0.030119217406618874,0.9969883953467383,0.9934635555217755
0.006307890491727943,0.029288902830414913,0.9970263966565251,0.9941856046211143
0.0064124711613881245,0.02935848863482316,0.9970691481560128,0.9940335942844113
0.006920780646163063,0.029938303514158212,0.9967888884138724,0.9941095994527628
0.006426529302390152,0.030123127534369055,0.9971641514542631,0.99448962529452
0.006749262378065874,0.03209434010468424,0.9969313933551605,0.9935775632743027
0.00679592823710136,0.02972953374888469,0.9968933920453735,0.9939575891160599
0.006713999461797783,0.03091207169458704,0.9970263966672842,0.9939955917002357
0.007109254313980823,0.029923329337570043,0.9968316398994865,0.9934635555217755
0.006548906226087819,0.02882396397288449,0.9970453973275571,0.9942236072052899
0.006397132114821314,0.0321918879695512,0.9970596478227618,0.9941095994527628
0.0065822483005432125,0.030031501331226337,0.9969741448515336,0.9941095994527628
0.006793573787355778,0.030630660522801712,0.9969456438611242,0.9938435813635327
0.007202818452042556,0.028450217518566485,0.9968886418695463,0.993805578779357
0.006323541870534571,0.03015612272543532,0.9971118996277534,0.9942616097894657
0.00621435004077136,0.028666854474041676,0.9971071494734443,0.9941095994527628
0.006626639270674076,0.029506743741154744,0.9969408936852969,0.9940335942844113
0.006257204677014414,0.03305502067611472,0.9969931455010476,0.9935775632743027
0.006932479601745335,0.029346297610261394,0.9968553907248277,0.9938815839477084
0.007044694172811918,0.03163827107562378,0.9968553907248277,0.9935775632743027
0.006770322451113804,0.029384001788883982,0.996940893696056,0.9932735426008968
0.006595885056986419,0.03114356715855841,0.997002645841943,0.9934635555217755
0.006562634280073926,0.030163179475101047,0.9970168963371477,0.9943376149578171
0.0064377591927174006,0.03047226938217164,0.99698364518167,0.9938815839477084
0.007306985934553033,0.031328002406565796,0.9967318864330535,0.9934635555217755
0.006581047920703238,0.03072848232284747,0.9969741448515336,0.9942236072052899
0.00628807480801619,0.030083445401189998,0.9971641514542631,0.9946416356312229
0.00687886591472141,0.030449048407086867,0.9969693946864654,0.9939575891160599
0.007124436286450636,0.027982348740817068,0.9967983887440088,0.9937295736110056
0.006609608770503112,0.02970569579027287,0.9969883953467383,0.9939575891160599
0.006612982771409704,0.02889116005020496,0.9970121461720794,0.9940335942844113
0.00675529748410738,0.030461033849801922,0.9969978956768748,0.9939195865318842
0.006644863863030018,0.030268235338278167,0.9970216465022159,0.9939575891160599
0.006590832682103485,0.030746111155232434,0.9970311468323524,0.9936915710268298
0.0065260183163923,0.030082833276409968,0.9968933920346146,0.993805578779357
0.006487401387640922,0.030881504961625342,0.99690289237551,0.9939575891160599
0.006598177491784847,0.03169441684365809,0.9969646445213971,0.9936155658584783
0.007964710997775022,0.03283928788270863,0.9968078890741453,0.9938435813635327
0.00683986391683657,0.033640474891150976,0.9969123927056465,0.9935775632743027
0.006816600610196926,0.029946597521706784,0.996921893035783,0.9938815839477084
0.006513896396076071,0.0305593676477622,0.9970596478227618,0.9934255529375997
0.006880387816136677,0.029195466743875874,0.9970073960070113,0.9939955917002357
0.006533029320727125,0.0319335395668549,0.9968743913851006,0.9935775632743027
0.007325675044581154,0.030552074342327314,0.9968933920453735,0.9935775632743027
0.006524553102170747,0.031742827374504186,0.9969646445213971,0.9939195865318842
0.007379292995014099,0.029263431855340846,0.9967651375885312,0.9941856046211143
0.0066323548798269795,0.032603014937774635,0.997021646491457,0.9935395606901269
0.006693024861585601,0.02988593316879561,0.9970406471624889,0.9939955917002357
0.0064194646464984005,0.030785929929072763,0.9969313933551605,0.9937295736110056
0.006485940954985917,0.03334295344343973,0.9971974026097407,0.9932735426008968
0.006447761443698406,0.032501091451865895,0.9971071494734443,0.994071596868587
0.007056428752669537,0.030893931070302177,0.9968173894042818,0.9936155658584783
0.006569935099515157,0.03343269833924564,0.9969598943563289,0.9937675761951813
0.006835320172263509,0.032092106258896934,0.9968933920453735,0.9937675761951813
0.006581718541825098,0.030371147737434285,0.9969883953467383,0.9935395606901269
0.006820435717551342,0.030892979288145637,0.9969503940154334,0.9935395606901269
0.006472123418001215,0.030603804807577552,0.9970311468354669,0.9939575891160599
0.0071697883985256654,0.03052501839326944,0.9968648910442052,0.9940335942844113
0.006600090122672387,0.03123933721493434,0.9970168963371477,0.9941095994527628
0.006460743166331885,0.031210569855226345,0.9971594012891948,0.9942616097894657
0.007338455422977348,0.02746463515342564,0.9967176359378488,0.9934635555217755
0.006951610307939669,0.03094617938330312,0.9968648910442052,0.9942236072052899
0.00655730196647942,0.031075094970275646,0.997102399308376,0.9934635555217755
0.0078512345475,0.029543185394871087,0.9967936385789407,0.9937675761951813
0.006463679945366185,0.030458974608538976,0.9970928989674804,0.9935015581059512
0.006659363747305208,0.030787071542649584,0.9969646445213971,0.9936915710268298
0.00631461908120933,0.030938180180367297,0.9970691481528983,0.994071596868587
0.006687790670397134,0.030221047147562304,0.997102399308376,0.9939575891160599
0.0068261772392138285,0.029380407757360803,0.9969931455010476,0.9940335942844113
0.006610289345661644,0.03221736915703041,0.9970073960070113,0.9937295736110056
0.006455833165262999,0.031088707518357028,0.99698364518167,0.9939195865318842
0.006792414147322437,0.02966381595309992,0.9968553907248277,0.9935395606901269
0.006345870466741021,0.03234251005316305,0.9971594012891948,0.9938435813635327
0.006547753728793651,0.030821261678179536,0.9971118996385124,0.9939955917002357
0.0067000377014696235,0.03301040612851246,0.9970073959962522,0.9936535684426541
0.006482856277187837,0.03156971080892157,0.9971071494734443,0.9941476020369385
0.0073280953912855246,0.031612359899754285,0.9968648910442052,0.9937295736110056
0.007965256771864344,0.031747930645962506,0.9969788950166019,0.9938815839477084
0.008250269660015436,0.03255629640305751,0.9968696412200324,0.9935015581059512
0.007991297379394635,0.030783514675009095,0.9969598943563289,0.9937675761951813
0.006243166846556406,0.03039714638075293,0.9971784019494677,0.9935775632743027
0.006348862084802868,0.03143527198409194,0.9970976491433078,0.9939575891160599
0.006467296761395498,0.02979359070311152,0.9970263966672842,0.9939195865318842
0.007891160014281912,0.032140698948779654,0.9969313933659195,0.9930835296800182
0.006882249151217544,0.03100588369809551,0.9970691481421393,0.9938815839477084
0.00685550280261261,0.03179546652097792,0.9970073960070113,0.9936535684426541
0.00688282883066396,0.031010638480062316,0.9970643979878301,0.9936915710268298
0.0073063587023913835,0.03192418505093797,0.9967081356077123,0.9935395606901269
0.007086234825021645,0.03073448123578778,0.9969646445213971,0.9934255529375997
0.006603261385431898,0.033418653873835594,0.996940893696056,0.9938815837302559
0.00995027995859438,0.03175936811257996,0.9966463834510663,0.9940335942844113
0.007948377351056184,0.0314789798633013,0.9968126392284545,0.9939575891160599
0.0069831682762335695,0.030938671962432027,0.9970786484830347,0.9935775632743027
0.006905460290497761,0.03063885135935506,0.9972116531049454,0.9938435813635327
0.006840349365161462,0.0322328103915867,0.9970786484830347,0.9937295736110056
0.008021706288940196,0.030955012861605354,0.9968221395693501,0.9942236072052899
0.007211267409249152,0.031799090707582175,0.9970263966672842,0.9936535684426541
0.007128047442378829,0.03149697184787869,0.9969883953467383,0.993805578779357
0.00701846258390423,0.033655690403824066,0.9969598943563289,0.9941476020369385
0.006764675059463284,0.0327740156917257,0.9971451507939901,0.9932735426008968
0.006890157050293085,0.03467586739271367,0.9970073960070113,0.9936155658584783
0.006822723833243423,0.034694938894070756,0.9971213999686489,0.9937295736110056
0.006977060115726322,0.03132420469447878,0.9969788950058428,0.9939195865318842
0.007479957125178159,0.0335420569355452,0.9969741448515336,0.993805578779357
0.00716289740653198,0.03485558221655055,0.9971404006289218,0.9936155658584783
0.007333099726512796,0.03188751060314081,0.9970358969974207,0.9935015581059512
0.007040569284588883,0.03097062251825444,0.9970596478227618,0.9939575891160599
0.007080948742448319,0.03378462074337938,0.9969313933659195,0.9938815839477084
0.006787057183650944,0.032734489617249535,0.9971118996416269,0.9938815839477084
0.006876649694888079,0.0328263564176929,0.9970501474926253,0.9935015581059512
0.006998013622124171,0.03357776660308101,0.9969456438611242,0.9936915710268298
0.007608060528565458,0.029517776827806274,0.9967983887332499,0.9939195865318842
0.007308021628280469,0.03384549274492288,0.9970121461613205,0.9936535684426541
0.007409308234230734,0.03319736955528278,0.9970406471517299,0.9936155658584783
0.007313024923550476,0.03195531448842235,0.9968791415501689,0.9935395606901269
0.007803337976202653,0.03362239329054196,0.9969266432008512,0.9937295736110056
0.006799288787128144,0.03391654555110298,0.9969931455118065,0.9936155658584783
0.006937790661822905,0.03234716284305323,0.9969456438611242,0.9936535684426541
0.0067933218175900475,0.03240732802943479,0.9970311468323524,0.9941095994527628
0.006682614474068324,0.031204294232471654,0.9970691481421393,0.9933495475517958
0.006708907095725587,0.03206892740381704,0.9969503940261925,0.9939195865318842
0.006626324692885667,0.03265730466093486,0.997002645841943,0.9937675761951813
0.006529915637763617,0.031284530238539374,0.9970691481528983,0.9941095994527628
0.00682192291289297,0.031619318692521894,0.9970216465022159,0.9933875503534241
0.006250026324838108,0.03152231367533664,0.997183152114536,0.9936535684426541
0.006709205750154989,0.03476215082092541,0.996921893025024,0.9931975372150929
0.007113719857828222,0.030863649391572223,0.9970168963371477,0.9943376149578171
0.006920175785161189,0.03152538820679096,0.9969931455118065,0.9934255529375997
0.006912764232175715,0.03161953465466328,0.9970786484722758,0.9937295736110056
0.007190529574233411,0.03239919735903084,0.9970168963371477,0.9941856046211143
0.007058278630902314,0.030457279305641287,0.9969171428599557,0.9941476020369385
0.007058936865982244,0.031961943580228434,0.9970881488024123,0.9937295736110056
0.007602083561929461,0.03235653602381384,0.9969788950166019,0.9939575891160599
0.007696059166973307,0.03143280232316348,0.9969788950166019,0.9936915710268298
0.007423648426099818,0.03376587772201875,0.9970643979878301,0.9937675761951813
0.007398461627551169,0.032764275913840936,0.997083398637344,0.994071596868587
0.007056498527942595,0.031615357857913584,0.9969503940261925,0.9931595346309171
0.008491666910976872,0.03207302357090959,0.996760387412704,0.993805578779357
0.007548025368597486,0.03183809518183744,0.9969598943455699,0.994071596868587
0.007655190277618566,0.031767629586237904,0.9971166498035807,0.993805578779357
0.0074193860805067255,0.032567751655688926,0.9970691481528983,0.993805578779357
0.008100256629217425,0.031425165101146305,0.9968838917183516,0.9937295736110056
0.009525497792530403,0.03069070929624713,0.9962663702563664,0.9935395606901269
0.006721341011703928,0.0318560602054537,0.9970358969974207,0.9935395606901269
0.006441909680212012,0.03161130031236278,0.9969883953359793,0.9938435813635327
0.006178492584288277,0.030647744226141374,0.9971404006289218,0.9943376149578171
0.006138102722438951,0.031162602750681744,0.9971689016193312,0.9940335942844113
0.006323649364526392,0.03156181138431094,0.997154651127241,0.994071596868587
0.006266974845983809,0.029890449476962462,0.997102399308376,0.9943756175419929
0.006086331269395594,0.03132434482110737,0.9971641514542631,0.9939195865318842
0.006315399263113165,0.0310380705658283,0.9972259036001501,0.9943376149578171
0.006778299964988564,0.032128366387297796,0.9970311468215934,0.993805578779357
0.0065457994650755524,0.03232782609313256,0.9969313933659195,0.9936915710268298
0.006372721661948474,0.030499136199792633,0.9970121461720794,0.9939955917002357
0.006408718239946705,0.03312206440010206,0.9971499009590583,0.9935395606901269
0.006843880633835187,0.031227605008556765,0.9968696412092733,0.9939195865318842
0.006456683256192502,0.030424792842462828,0.9970406471624889,0.9937295736110056
0.006399563961958521,0.03025647085312471,0.9971166498035807,0.9941095994527628
0.006458303380213357,0.03102515646894424,0.997083398637344,0.9942236072052899
0.007199942096620031,0.03210920109224081,0.9968886418803053,0.9945276278786958
0.006196673792685745,0.03261489833754164,0.9971118996385124,0.9941095994527628
0.006011557413003243,0.03292917946255057,0.9971166498035807,0.9933495477692483
0.00609885233648521,0.03252229574039029,0.9970738983179666,0.9944136201261686
0.006371556248442442,0.03346677985840768,0.9970738983179666,0.9937675761951813
0.006429194409431136,0.031520640397019795,0.997102399308376,0.9936535684426541
0.0062502510870899195,0.03372154157527911,0.9971404006289218,0.9932355397992686
0.006645833482381829,0.03274876724001126,0.9970358969974207,0.9931595348483697
0.006452844680593207,0.03262837000784818,0.9970263966672842,0.9932735426008968
0.006494202798615806,0.03312723281952705,0.9970216465022159,0.9938815839477084
0.0061397654699671044,0.03256660995672094,0.9971071494734443,0.9939195865318842
0.0074616710102176085,0.02836757181380156,0.9967271362679853,0.9941095994527628
0.006557898647300996,0.03207072447403024,0.9970928989674804,0.9936155658584783
0.006227146861112528,0.030982607085408065,0.9970311468323524,0.9941476020369385
0.006181899669506525,0.033904229697706144,0.9971118996416269,0.9942236072052899
0.0066320289259454756,0.031192072643576797,0.9969693946864654,0.993805578779357
0.006894950649958332,0.03169757577964497,0.997002645841943,0.9939195865318842
0.006077809265307233,0.03294070493006647,0.9971309002987854,0.9930835296800182
0.006266242646750216,0.0323335513303942,0.9971499009590583,0.9939195865318842
0.0059806695455721865,0.03263522371185797,0.9971404006289218,0.9933875503534241
0.00646258951291255,0.02977561374529947,0.9969598943563289,0.994071596868587
0.006264794867034147,0.03211255499028863,0.9969883953467383,0.993805578779357
0.006551145283298144,0.030832502091536138,0.9970786484830347,0.9936535684426541
0.006466569729405846,0.03323613957850318,0.997102399308376,0.9934635555217755
0.006122557506906645,0.034024223096295256,0.9970691481528983,0.9927415064224367
0.006118113128745049,0.03351485597079016,0.9971261501337172,0.9937675761951813
0.0065838365831129885,0.03346736416130555,0.9969931455118065,0.9941095994527628
0.006248760591412003,0.03246167582917145,0.9970311468323524,0.9942236072052899
0.00626008700510256,0.030533842617798967,0.9971451507939901,0.9940335942844113
0.006325915530641553,0.031047266039104487,0.9970691481528983,0.9937295736110056
0.006068747450999906,0.03204013034848503,0.9970928989782395,0.9939575891160599
0.006817840977439704,0.033410362037341636,0.9970501474926253,0.9936535684426541
0.006672387641488176,0.03255250996826792,0.9969693946757063,0.9933495477692483
0.006104238239702385,0.03349981064006366,0.9971736517843995,0.9933115451850726
0.006236321229745909,0.030460118831670047,0.9971071494734443,0.994071596868587
0.006548847262528271,0.034095001886176576,0.9970596478120028,0.9933875503534241
0.006217412888155513,0.03408711261489078,0.9971309002880264,0.9931595348483697
0.006221604318876003,0.03164254805933131,0.9970691481528983,0.9936915710268298
0.006144006619473735,0.03455591102935823,0.9971261501337172,0.9929695219274911
0.006420344783820398,0.030620068166023924,0.9970738983072075,0.9938435813635327
0.0062323055183965284,0.0338374759709581,0.9970596478227618,0.9928175115907881
0.006271633181981913,0.03486851116057775,0.9971736517843995,0.9934635555217755
0.0069977012892175235,0.032729603798746836,0.9967983887440088,0.9936155658584783
0.0058796619327435365,0.03112247183527351,0.9973066563955512,0.9937675761951813
0.006293700446049226,0.03180205178949387,0.9969836451709111,0.9938815839477084
0.005995091411402883,0.031138140843054135,0.9971784019387088,0.9939575891160599
0.0066902367285717815,0.03324076326325337,0.9969408936852969,0.9936155658584783
0.006653440597029056,0.032809438371971464,0.9970358969974207,0.9939955917002357
0.005990723352273378,0.03196905954397314,0.9971261501229581,0.9939195865318842
0.006474345427650229,0.03162605668518766,0.9970358969866616,0.993805578779357
0.0058221721897062295,0.030476880206811365,0.9973161567364466,0.9939575891160599
0.006117278231501154,0.03481463139960174,0.9971689016193312,0.9938815839477084
0.005856722429655805,0.03302812571077066,0.9971879022796042,0.9936535684426541
0.006249539951299251,0.034322305545593436,0.9972211534350819,0.9937295736110056
0.006889334071322791,0.032561984836624286,0.9969266432008512,0.9940335942844113
0.006150115654391514,0.03545621177785931,0.9970786484830347,0.9936915710268298
0.006164339969890633,0.03097354539884813,0.9971166498035807,0.994071596868587
0.00653739158519653,0.03468427935651212,0.9971261501337172,0.9933115451850726
0.0063044811051673815,0.031735789447536744,0.9971071494626852,0.9936915710268298
0.005827358760311144,0.032176592035570946,0.9972591547448687,0.9938435813635327
0.006243813870370155,0.03399207927312439,0.9971356504638537,0.9941476020369385
0.006639684794204482,0.03453119801619082,0.9970406471624889,0.9939195865318842
0.006566838899194052,0.0311750585630123,0.996921893035783,0.9939575888986074
0.006135324683657111,0.03366008979507485,0.997083398648103,0.9936535684426541
0.006250224941455752,0.033067308061603226,0.9971261501337172,0.993805578779357
0.006007324208544496,0.03263108003091404,0.9970548976576936,0.9935775632743027
0.00640742414366849,0.034336490212873,0.9970548976576936,0.9932355400167211
0.00600388355693105,0.034447611104306074,0.9971118996277534,0.9933875503534241
0.006551795933837871,0.030658278661602048,0.9970786484722758,0.99448962529452
0.006272418265233904,0.033291390989154464,0.9971499009590583,0.9934635555217755
0.006522649782922127,0.03318713277461664,0.9970263966672842,0.9938815839477084
0.006235928881690476,0.03354175980863281,0.9971641514542631,0.9935775632743027
0.006161497300878718,0.030910052753962417,0.9971118996385124,0.9936535684426541
0.006205208543488616,0.03329375695907101,0.9970976491433078,0.9933495477692483
0.006503497480801601,0.03299562279153393,0.9970358969974207,0.9933495477692483
0.006473631325512878,0.03222923814505593,0.9970596478227618,0.9935395606901269
0.00623842559237798,0.032052689056645566,0.9971974026097407,0.9938815839477084
0.005834475899571112,0.03156849352170776,0.9971736517843995,0.99448962529452
0.006461440850907719,0.0326673778406284,0.9970928989782395,0.9933495477692483
0.006504968492847958,0.031130079921655496,0.997083398648103,0.9937295736110056
0.0065339637881233915,0.03189513769988295,0.996921893035783,0.9938435813635327
0.005958647515814716,0.032892622777160416,0.9973304072316513,0.9945276278786958
0.006318996557310805,0.033071522502132494,0.9970406471624889,0.9936155658584783
0.006866967879667878,0.03179848649037061,0.9968933920453735,0.9938435813635327
0.006358108087718738,0.032134059915344425,0.9970548976576936,0.9937295736110056
0.006015120781348695,0.032108707925497804,0.9972259035893911,0.994071596868587
0.006304154920809424,0.03173229414291559,0.9972116530941864,0.9938435811460802
0.0064474842703539145,0.03340963687389021,0.9969788950058428,0.9937295736110056
0.006277129066665225,0.03143634383355631,0.9971166497928217,0.9938435813635327
0.0062550306989716245,0.03248171255024621,0.9970311468354669,0.9936535684426541
0.005904962527708148,0.03541678311088756,0.9972116531049454,0.9935395606901269
0.00630721136095516,0.03381682186848079,0.9972164032592546,0.9933115449676201
0.006079415151251133,0.033616374639086094,0.997183152114536,0.9933115451850726
0.006287024513606925,0.03328987173777151,0.9971023992976169,0.9935395606901269
0.006176808398252496,0.03193154277275655,0.9970881488131712,0.9936155658584783
0.006369899898781042,0.031390748399297355,0.9970501474926253,0.9935395606901269
0.006218916403077946,0.03330443424675213,0.9970928989782395,0.9932355400167211
0.00677601078906297,0.03447339055832046,0.9969171428707148,0.9936155658584783
0.007302925261467617,0.031165821971710833,0.9970311468215934,0.9941476020369385
0.006619979188852375,0.032539702723213985,0.9971641514542631,0.9941856046211143
0.00676055674266327,0.032537226208742685,0.9971166497928217,0.9933115451850726
0.006820936340381621,0.033435949307483205,0.9970738983179666,0.9936535684426541
0.00685285940719101,0.032614154902098465,0.9971166497928217,0.9935015581059512
0.006382755848943882,0.034783986914209794,0.9971118996277534,0.9935775632743027
0.006739600742090004,0.0350013960513091,0.9969788950166019,0.9928935165416871
0.006072487838369081,0.032710388789668955,0.997244904260423,0.9933115451850726
0.006155209572217485,0.03520511127137352,0.9970263966672842,0.9935775632743027
0.007068576007641957,0.03373270215634875,0.9968696412200324,0.9934255529375997
0.006273176241444263,0.034458145056095575,0.9970596478120028,0.9938435813635327
0.005863777501251079,0.035020018893731776,0.997183152103777,0.9936535684426541
0.006624013205471161,0.032611500082227914,0.99690289237551,0.9940335942844113
0.0058544351861057956,0.033352296761586554,0.9971974026097407,0.9933875501359715
0.006229942810294619,0.033709081589985285,0.9971546511133675,0.9937295736110056
0.006697373875076984,0.03262772027497544,0.9969978956768748,0.9932355400167211
0.0064824167192298245,0.03338359731793213,0.99712139995789,0.9938435813635327
0.0062959272105805476,0.03357090268302062,0.9971499009590583,0.9934255529375997
0.006496230414440327,0.03277111043496683,0.9970548976576936,0.9938815839477084
0.006231553202593386,0.03419250477178695,0.9971118996385124,0.9938435813635327
0.0062419942335555645,0.0333798588649359,0.9970928989782395,0.9937675761951813
0.005914609979155857,0.0373082512627591,0.9973114065713784,0.9933875503534241
0.00678532620600933,0.033151682530380415,0.9969551441912606,0.9936535684426541
0.0063823024994113225,0.032143781294779454,0.9970928989782395,0.9938815839477084
0.006300935055970139,0.03380612014898675,0.9970501474926253,0.9936915710268298
0.0061100935095733154,0.030262412282707242,0.997183152114536,0.9942616097894657
0.006380996956345888,0.03151677803069269,0.9970596478227618,0.9936155658584783
0.0062629566802954815,0.032870665811179915,0.9971261501368316,0.9939955917002357
0.006233214149063413,0.03356181591888426,0.9971974026097407,0.9932735426008968
0.006743988397842784,0.03310852993755797,0.9971926524477869,0.9939955917002357
0.006387356713458406,0.032143214166532055,0.9971784019494677,0.9934635555217755
0.0066469003102611075,0.03231397309757321,0.997083398648103,0.9936535684426541
0.006337351785343938,0.03204405553026784,0.9970453973275571,0.9935395606901269
0.0060163520392487,0.03327527069515346,0.9972306537652184,0.9938815837302559
0.005807856254434682,0.03583904981202321,0.9972211534350819,0.9938815839477084
0.006528984029618623,0.0336845133079923,0.9969931455118065,0.9941856046211143
0.006327428796935831,0.03379422687965339,0.9970406471624889,0.9938435813635327
0.005823148862269062,0.03441589675376037,0.9971926524446725,0.9936915710268298
0.006216074716252853,0.03337422246506278,0.997083398648103,0.9931595348483697
0.006105096878524116,0.034538468543275115,0.9971213999686489,0.9938435813635327
0.005787776853896918,0.03578155970121192,0.9972544045905595,0.9935015581059512
0.006133326017032669,0.03247811030964225,0.9970738983179666,0.9936535684426541
0.006809498284778002,0.031540840977946814,0.9970311468323524,0.9937295736110056
0.006615112265092562,0.03340812558417784,0.9970786484830347,0.9933115449676201
0.0058407568785129775,0.036027160696431464,0.9972876557460372,0.9931595348483697
0.0059364064718198765,0.03412421631324071,0.9971213999686489,0.9934255529375997
0.006029726006191977,0.034286297692592664,0.9971309002987854,0.9929315193433154
0.006227136339828968,0.033734841632036744,0.9972069029398771,0.9935015581059512
0.005867067612777573,0.03338035053446294,0.9972306537652184,0.9941856046211143
0.006063621422959372,0.03213188494104396,0.9972781554159007,0.9939575891160599
0.006156096424077037,0.03185485128951946,0.9970928989782395,0.9941476020369385
0.006217613148617328,0.03315237412804568,0.997083398648103,0.9935015581059512
0.0059475396136779565,0.03503952974493845,0.9972259036001501,0.9935775630568501
0.006491052223170619,0.0328739761033387,0.9970691481421393,0.9932735423834443
0.006081232635940634,0.0333533051089781,0.9972116531049454,0.9941095994527628
0.005947438679327667,0.03668153018085626,0.9972116531049454,0.9936535684426541
0.006222116576206049,0.03468581992281317,0.9971499009590583,0.9937295736110056
0.006066189341577231,0.03287699002926139,0.9971404006289218,0.9933115451850726
0.005908882794518371,0.035271250619096466,0.9971879022796042,0.9939195865318842
0.0061827077919147716,0.03477569357508377,0.9971071494734443,0.9936915710268298
0.00619662459916547,0.03674436275244661,0.9971784019494677,0.9933495477692483
0.006980234103859808,0.034372678605112006,0.9969361435309877,0.993121532264194
0.00590018449930836,0.03494622218633532,0.9972259036001501,0.9938435813635327
0.005881176125007565,0.03525408891740933,0.9971071494734443,0.9935775632743027
0.006053517321421055,0.033688009410350835,0.9971546511241266,0.9940335942844113
0.006391447463149411,0.03455874933667156,0.9970976491433078,0.993805578779357
0.0062177610268890505,0.03195044699867791,0.9970738983179666,0.9937675761951813
0.006341992506335841,0.033548375364282075,0.9971118996385124,0.9936915710268298
0.00647719138139178,0.03290376415671358,0.9970643979878301,0.9932735426008968
0.005674390158226671,0.0313299869069823,0.9973494078919243,0.9939955917002357
0.006210572090887697,0.03460372650115662,0.9972924059111055,0.9936915710268298
0.006272179537045351,0.03364114314241255,0.9970786484861492,0.9935395606901269
0.006092506814602649,0.03218784831764456,0.9972259036001501,0.9937295736110056
0.006278306212885326,0.03162989056623307,0.997102399308376,0.9938435813635327
0.006364474402947644,0.03339778865381792,0.9971261501229581,0.9935775632743027
0.005883527766501433,0.03399330071188199,0.9972734052400735,0.9936915710268298
0.00606775750691678,0.033081966810748605,0.9971879022796042,0.9931595346309171
0.00582749414530991,0.03308970809157715,0.9972686550857642,0.9939195865318842
0.006136484614129468,0.032110887853081305,0.997202152774809,0.9937675761951813
0.005700134068453972,0.03370328171606879,0.9972639049206959,0.9936915710268298
0.006356260259971792,0.0347681595833213,0.9970121461720794,0.9932355397992686
0.0061162365081971065,0.034269806859722314,0.9971736517843995,0.9935395606901269
0.0059662616715968975,0.032483992663084285,0.9971879022688452,0.9939955917002357
0.0060572811247649435,0.03375701999334851,0.9971974025989817,0.9939195865318842
0.006305148770497984,0.03382192421736296,0.9970691481528983,0.9935775632743027
0.006421500639271725,0.03486937774882752,0.9971261501337172,0.9938815839477084
0.005776627260491013,0.034675890770904674,0.9973304072316513,0.9940715966511345
0.006115649113276663,0.03354774511074441,0.9972259036001501,0.9937675759777287
0.006157957612507408,0.03305086039361327,0.9971689016193312,0.9938435813635327
0.006612438168720967,0.0357616812384322,0.9969456438611242,0.9935775632743027
0.00604582035477476,0.034006449606164585,0.9971736517843995,0.9937295736110056
0.005906062237676606,0.035199152248998854,0.9971879022796042,0.9934255529375997
0.005974394775620018,0.03585536944793403,0.9971926524446725,0.993805578779357
0.006099840844453005,0.03484492318635889,0.9971118996277534,0.993805578779357
0.006123296564213405,0.030756367703803314,0.9971879022796042,0.9941476020369385
0.007010387359084357,0.032596410774815045,0.9970121461613205,0.9943756175419929
0.005909234941365251,0.03475508786537384,0.9971926524446725,0.9934635555217755
0.005508787031951159,0.03398869118663749,0.9973351573967195,0.9935395606901269
0.006060439466668949,0.035315845047302244,0.9972259036001501,0.9939575891160599
0.005788152181107825,0.034876839539630645,0.9973019062304829,0.9939195865318842
0.006153932096970711,0.03416046430255931,0.9972781554159007,0.9936535684426541
0.006840207758819097,0.03203256700500244,0.9970168963371477,0.9938435813635327
0.005990087452916408,0.03332945224836672,0.9971546511241266,0.9936155658584783
0.0055709709236480736,0.03410099070509246,0.9972924059111055,0.9940335942844113
0.006025986548041048,0.03789401724796369,0.9972306537652184,0.9929695219274911
0.00618416461853552,0.03513019412429186,0.9970691481528983,0.9939575891160599
0.006017563400918239,0.03300165099918176,0.997244904260423,0.9940335942844113
0.006190111721873276,0.03342377282412928,0.997102399308376,0.9934255527201472
0.006026972428289296,0.03393861022633852,0.9972116531049454,0.9935775632743027
0.005861184362009128,0.031030777072378734,0.9973351573967195,0.9938815839477084
0.006433757973956098,0.03321692207451232,0.9971309002987854,0.993805578779357
0.005920324607658248,0.034533077157719416,0.9971641514542631,0.9935395604726744
0.006017131921426857,0.03473421796828633,0.9970881488131712,0.9933495477692483
0.006208603330339474,0.03173714199403474,0.9971118996385124,0.9935775632743027
0.006079055190537846,0.036345623165331235,0.9971594012891948,0.9936535682252016
0.006001982870850269,0.03326677314344217,0.9970928989782395,0.9935015581059512
0.0060724318156533865,0.03246981632446847,0.9971213999686489,0.9940335940669588
0.006028317532599539,0.035078935844683495,0.9972781554051416,0.9933495477692483
0.005704713380228313,0.034223837555971734,0.9972876557352781,0.994071596868587
0.005812457355726717,0.03420322961451872,0.9971784019494677,0.9935395606901269
0.005824001929885794,0.03567365313840913,0.997344657726856,0.9930455270958425
0.006226377512730089,0.035170080214958016,0.9971546511241266,0.9933495477692483
0.0067894174113322285,0.035064956155312424,0.9969076425405783,0.9936155658584783
0.006041615417848617,0.03530118504474279,0.9971356504638537,0.9934635555217755
0.0055547997182722976,0.033713420982903204,0.997344657716097,0.9938815839477084
0.006400699393860263,0.03414620336656958,0.9971451507832311,0.9933495477692483
0.0061067350330934736,0.03414010129824885,0.9971451507971045,0.9935775632743027
0.0056623941123082715,0.03410831350077049,0.9972971560761736,0.9935015581059512
0.0057915758699458855,0.035782857924424906,0.997202152774809,0.9937675761951813
0.006050807666148639,0.03336810412340172,0.9971309002987854,0.994071596868587
0.006442098605518955,0.035653252337197155,0.9970881488131712,0.9936915710268298
0.005657265050181955,0.03549382938233476,0.997325657066583,0.9936155658584783
0.006546221290385717,0.03355490506491005,0.9971404006289218,0.9936915710268298
0.00640062140850949,0.03373581191356465,0.9970691481528983,0.9937675761951813
0.005436236984530144,0.03514649554191266,0.9974159102028796,0.9930075245116667
0.006247991019887103,0.035634197699391794,0.9972401540953548,0.9935395606901269
0.005852901571859877,0.033324585417467786,0.9972734052508324,0.9942616097894657
0.00563617216114585,0.03553217631175988,0.9972544045905595,0.9935395604726744
0.0057580975142268054,0.033357294620727326,0.9973589082113017,0.9939195865318842
0.006084433217091926,0.034857388313618606,0.9971261501337172,0.9934255529375997
0.0059509977122222365,0.035578660034513286,0.9972354039195276,0.9933115451850726
0.005998058535029153,0.032575367706905826,0.9971736517843995,0.9943756175419929
0.005908865822987808,0.03197000664750423,0.9971594012784358,0.9940335942844113
0.006222954388243366,0.03074486563545299,0.9972781554159007,0.9938435813635327
0.006526458802903261,0.03537051468024263,0.9970548976576936,0.9930075245116667
0.0055270608881933525,0.034903485229956774,0.9972734052508324,0.9932355400167211
0.005957694726792543,0.032118138666543256,0.9972116530941864,0.9933875503534241
0.0062441856744555905,0.03421806489485231,0.9971309002880264,0.9935775632743027
0.0058889223261706265,0.03552676473333199,0.9973589082113017,0.9932355400167211
0.006140325599645931,0.034721727319725865,0.9972259036001501,0.9934255529375997
0.005928281020664663,0.03246540014337783,0.9972924059111055,0.9933495477692483
0.005725137965819846,0.034007304889537196,0.9972544045905595,0.9935395606901269
0.005541839479786025,0.03531501573653844,0.9972164032700136,0.9937295736110056
0.00629505964428661,0.035312383681251835,0.9971213999686489,0.9936155658584783
0.005646239811679204,0.03459806088710321,0.9972971560761736,0.9941856046211143
0.0059418955257026585,0.03334845144345469,0.9972544045905595,0.9940335942844113
0.0057691235199229035,0.033507810136758596,0.9972971560761736,0.9937295733935531
0.006209674248142951,0.036017212632162884,0.9971926524446725,0.9937675761951813
0.00538529198088051,0.035846273856774226,0.9974586616777347,0.9933115451850726
0.006399267395028315,0.037082783038397515,0.9971118996385124,0.9934635555217755
0.00665004586874209,0.0328240691456355,0.9970406471624889,0.9941856046211143
0.005818221772146315,0.03319062967274163,0.9972259036001501,0.9939575891160599
0.005493802524589086,0.036158710813201905,0.9973874092017111,0.9935775632743027
0.005876723735731466,0.036702324422964526,0.9972211534243228,0.9935395606901269
0.005870752125143141,0.03533718018957601,0.9972164032700136,0.9939955917002357
0.006316075080983486,0.03354660127825988,0.9970976491433078,0.9937675761951813
0.00607839232324858,0.03174652583144701,0.997183152103777,0.9939575891160599
0.005528816971506382,0.03346147474119157,0.997325657066583,0.9937675761951813
0.005880085636499867,0.033208518267661274,0.9972781554159007,0.9936155658584783
0.006298875860943398,0.03234008253626999,0.9970738983179666,0.9939575891160599
0.0060635809072880666,0.03527928190125326,0.9971879022796042,0.9934255529375997
0.005787824374744127,0.03743448203486987,0.9974111600378113,0.9929695219274911
0.005838234847163894,0.03598421597762764,0.9973494078919243,0.9935395606901269
0.005620427446040834,0.03241662474912168,0.9972781554159007,0.9935395606901269
0.005926445255014649,0.035415124111773305,0.9972924059111055,0.9936915710268298
0.0056595532166216775,0.03492153314279245,0.9973826590474019,0.9937295733935531
0.006391255028521407,0.034639290336789544,0.9969741448546481,0.9938815839477084
0.006067855265324307,0.034869394788864756,0.9971879022796042,0.9939195865318842
0.005469818781170411,0.0338136016861073,0.9973731587172654,0.9939955917002357
0.006410804291055818,0.034431708652520286,0.9971261501229581,0.9938435813635327
0.005908932661053207,0.03873127072586185,0.9971784019494677,0.9935775632743027
0.006061546910363653,0.03551192465495423,0.9970976491325487,0.9937295736110056
0.005652966660695987,0.033762418329239346,0.9973161567364466,0.9936155658584783
0.005899750187760792,0.03621865819191371,0.997244904260423,0.9939195865318842
0.005913166758584778,0.035318903006231535,0.9973019062412419,0.9942616097894657
0.005963727796912297,0.033890261033526124,0.9971309002880264,0.9935395606901269
0.005818110870315246,0.03535951280076669,0.9972971560761736,0.9936155658584783
0.005713725939505597,0.033934772021714146,0.9971879022688452,0.9939955917002357
0.006174170380757394,0.036370255468854085,0.9971594012784358,0.9934255529375997
0.006996320927085045,0.03564303663639316,0.997002645841943,0.9931975374325455
0.005418167072995279,0.03356312419147493,0.997344657716097,0.9939575891160599
0.005543192777460382,0.03670393393652086,0.9973161567364466,0.9936915710268298
0.0058545681502007825,0.03455436688585863,0.997202152774809,0.9936535682252016
0.006328583349930002,0.03319632124443219,0.997083398648103,0.9939575891160599
0.005647427062769073,0.03456769160526016,0.9973209069015149,0.9937295736110056
0.005986881198758294,0.036459927035098816,0.9972734052508324,0.9935775630568501
0.005645005009642418,0.03450672283519914,0.9973779088823337,0.9937295736110056
0.006518201951486891,0.033182127975128095,0.9969646445213971,0.9936155658584783
0.006021176882087371,0.03392127587204464,0.9971974026097407,0.9939575891160599
0.005481396033994403,0.035173733025457135,0.9974491613583572,0.9932355400167211
0.0056201206099199125,0.03597516239575009,0.9974064098727431,0.993805578779357
0.005644960030628328,0.03561861855016937,0.9972781554159007,0.9939575891160599
0.00573147916130857,0.03512223938462518,0.9972354039302865,0.9938435813635327
0.006561858110488992,0.034781247372157514,0.9971594012891948,0.9933875503534241
0.005822388725145328,0.03365280604661831,0.9973019062412419,0.9937295736110056
0.005471089862769385,0.03578516941599455,0.9974396610282207,0.9933495477692483
0.005794754897475239,0.036456418089253304,0.9972259035893911,0.9936535684426541
0.006574249002631113,0.033891785156873036,0.9970073960070113,0.9940335942844113
0.006085256639182228,0.03425415731732762,0.9972306537544593,0.9936155658584783
0.0057021863831005345,0.03404824876973376,0.9972781554159007,0.993805578779357
0.005525351342673508,0.03593896713397407,0.9973731587065064,0.9935395606901269
0.005772197404580962,0.0338769596691334,0.9972734052400735,0.9938815839477084
0.006062053821440162,0.035911774773546304,0.9972734052508324,0.9933495477692483
0.006227915043596282,0.034916689917043296,0.9971641514542631,0.9938815839477084
0.006120384089246381,0.03529297906691004,0.9972354039195276,0.993121532264194
0.005747757685183915,0.035903514154581394,0.9973399075617878,0.9937675759777287
0.005599236612136151,0.03389614130245082,0.9973921593775383,0.9936155658584783
0.005985288991293313,0.037057617634993066,0.997183152103777,0.9935395606901269
0.0059680794975582345,0.03284121679254383,0.9972401540953548,0.9933875501359715
0.005545796312263324,0.03456018534814412,0.9973114065713784,0.9931595348483697
0.005929588942835019,0.03696120666530884,0.9972306537544593,0.9931975374325455
0.006306018699833652,0.033452137597387986,0.9971784019525822,0.9940335942844113
0.005540367219624743,0.03449779589198822,0.9973114065713784,0.9935775632743027
0.005860524102998025,0.0336056746871172,0.9972971560761736,0.9939955917002357
0.006265670838561153,0.03288843432311498,0.9970881488131712,0.9939575891160599
0.005875346349273089,0.035305147873328474,0.9973589082220607,0.9934635555217755
0.005861224910098707,0.03644889498126939,0.9972496544254913,0.9934635555217755
0.005777581923504918,0.034984137401723375,0.997183152114536,0.993805578779357
0.005487694298598177,0.0352874166756092,0.997344657726856,0.9941476020369385
0.0055863825185852485,0.03316990991467285,0.9974016597076748,0.9936535684426541
0.0059700353098665155,0.036450086070902304,0.9972829055702099,0.9936155658584783
0.006059542254998691,0.03658031242589167,0.9971784019387088,0.9936155658584783
0.006021358706528299,0.036223131924863525,0.9972734052400735,0.9931595348483697
0.00625637546829896,0.035239224831391996,0.9970358969974207,0.9934255529375997
0.005418975465992601,0.03555512702427086,0.9974491613583572,0.9941095994527628
0.005800038621488516,0.037784440518133566,0.9972639049206959,0.9935395606901269
0.006079678744609643,0.032607544064252675,0.997244904260423,0.9936535684426541
0.00587641039500871,0.03552257840355483,0.997244904260423,0.9934635555217755
0.005441598278122439,0.034347749354306706,0.9974681620186302,0.9939195865318842
0.005727310549861863,0.035158894900395005,0.9973114065713784,0.9938435813635327
0.005677735793691174,0.03238153107017976,0.9972686550857642,0.9939955917002357
0.00592838926989496,0.03603770458060819,0.9972544045905595,0.9941095994527628
0.005934400478066141,0.03387728465195412,0.997282905580969,0.9941095994527628
0.005643389978315862,0.03463322357767966,0.9973209069015149,0.9935775632743027
0.005410798004250641,0.03595377327074783,0.9973969095318476,0.9936155658584783
0.006190844849098332,0.0338408943733072,0.9972924059003464,0.9937675761951813
0.005801761744438053,0.032287429811135054,0.9972116531049454,0.9934635555217755
0.005951166510461283,0.03553659383297386,0.9972971560761736,0.9940335942844113
0.005890976705369017,0.03425956528705751,0.9972876557460372,0.9936915708093773
0.005720052066960184,0.03692487300532934,0.9972971560654146,0.9936155658584783
0.00555685155424838,0.03521768056823235,0.9973779088715746,0.9941095994527628
0.005418707836080293,0.03842613320335666,0.9972971560761736,0.9932735423834443
0.006248464801517859,0.03638315907476397,0.9971071494734443,0.9936915710268298
0.0062774312720449525,0.03722725912122761,0.9972401540953548,0.993463555304323
0.006240449921371186,0.03563706368904671,0.9971784019494677,0.9932355400167211
0.0054321750305683725,0.036867903812819645,0.9974159102028796,0.9931215322868453
0.006080489047482691,0.03482716646171143,0.9969693946864654,0.9939575891160599
0.005553877480632659,0.038996734919980396,0.9973731587065064,0.9933495477692483
0.006284949262200758,0.03544595127761338,0.9971926524446725,0.9933495477692483
0.005721290695688185,0.03443995276091115,0.9972971560654146,0.9938435813635327
0.005396611146598573,0.03557188295557133,0.9973874092124702,0.9937295736110056
0.005962114737846484,0.03714585224028623,0.9972401540953548,0.9933115451850726
0.00604836708258224,0.03555675397188434,0.997202152774809,0.993805578779357
0.0057596369221616815,0.034435123199699075,0.9973351573967195,0.9936915710268298
0.006209464196541744,0.03620458211241695,0.9972639049238105,0.9939575891160599
0.006110340879943082,0.03625698918813639,0.9972211534350819,0.9931975374325455
0.005350461477693331,0.035967663898548746,0.9974491613475982,0.9938435813635327
0.005887420945126878,0.036828810848391104,0.9973114065713784,0.9938435813635327
0.0059385970615637865,0.036420445450029273,0.9972306537652184,0.9939955917002357
0.005823237495521,0.03602582424933101,0.9972401540953548,0.9936535684426541
0.005738105206179991,0.035050903610504176,0.9972401540953548,0.9940335942844113
0.005957562697875679,0.036009067605357215,0.9971736517843995,0.9936915710268298
0.005740321005840033,0.03643728618439034,0.9972781554159007,0.9936155658584783
0.0053105527619515805,0.03550926075577137,0.9974111600270523,0.993121532264194
0.0058087474391739545,0.03554433198266868,0.9972354039195276,0.9933115451850726
0.006363264369080234,0.03669238212520951,0.9972259036001501,0.9938435813635327
0.0061094931196515115,0.0345048226207542,0.9972686550857642,0.9940335942844113
0.00615335670949378,0.038880548654027874,0.9972354039302865,0.9933875503534241
0.006176172242413691,0.0372159265709526,0.997202152774809,0.9933495477692483
0.005959902446490518,0.034078769822144285,0.9973969095426066,0.9939955917002357
0.005274017483850924,0.03697909498328752,0.9975156636693125,0.9937295736110056
0.005559059884188652,0.034737979872198926,0.9972734052400735,0.9940335942844113
0.0057923540467275676,0.0354341210484089,0.9972686550857642,0.9936915710268298
0.005391256607866837,0.036781555808709475,0.9974681620186302,0.9938435813635327
0.006092350268193123,0.03410251012789536,0.9971736517843995,0.9939195865318842
0.005979434217004,0.03551140973904835,0.9971689016085723,0.9935775632743027
0.006119899782793503,0.03558896751035232,0.9973114065713784,0.9938435813635327
0.006443621098879542,0.03371138831391748,0.9971213999686489,0.9940335942844113
0.005740821022514764,0.032927882905383114,0.997344657726856,0.993805578779357
0.005159813478739167,0.03380469107381946,0.9975014131741078,0.9939195865318842
0.005582538230219649,0.03881289299084968,0.9974634118535619,0.9937295736110056
0.005681219982178006,0.03587854582708357,0.9973351573967195,0.993805578779357
0.005839393665817487,0.0370003199134902,0.9973114065713784,0.9933495477692483
0.005538322324541055,0.036621404082314804,0.9974206603679477,0.9937675761951813
0.005417295648077458,0.03603417853348949,0.997344657726856,0.993463555304323
0.005829419653152839,0.03598882172703116,0.9972591547448687,0.9935395606901269
0.00570562719969827,0.03613280294970976,0.9974396610282207,0.9939195865318842
0.0060326645698214445,0.035536787780116964,0.9972354039195276,0.9938815839477084
0.00596295861291225,0.03533485670268358,0.9972686550857642,0.9934255529375997
0.005512900929402574,0.03655101481592035,0.9974396610282207,0.9936915710268298
0.005664213847046797,0.038507384303892105,0.9973066564063101,0.9932355400167211
0.0058901415446251095,0.0359452111064536,0.9972354039302865,0.9933115451850726
0.0058661573504817715,0.039842843934933245,0.9974491613583572,0.993463555304323
0.00587203946009816,0.03815879704495366,0.9972876557460372,0.9936155658584783
0.005900165709609492,0.03726645129388293,0.9971736517843995,0.9937675761951813
0.005359700440412331,0.03590092427614914,0.9974729121836984,0.9936155658584783
0.005733132588216985,0.0352767407655234,0.9973731587065064,0.9935015581059512
0.006019786865550211,0.03555548340562093,0.997282905580969,0.9931975374325455
0.006207114966602582,0.035485916075767704,0.9970976491464222,0.9938435813635327
0.005555513049068894,0.03670935433264624,0.997425410533016,0.9935395606901269
0.006064727762568619,0.034150178946213194,0.9972354039302865,0.9933875503534241
0.005532238462529669,0.036787814542389906,0.9973209069015149,0.9938815839477084
0.005510350108651897,0.03618559167925867,0.997344657726856,0.9937295736110056
0.005947420237078449,0.03719096527006776,0.9972496544254913,0.9937295736110056
0.0051992557823261915,0.03926347036201623,0.9975489148247901,0.9936155658584783
0.0051244157654385175,0.037747962343809484,0.9975156636693125,0.9933875503534241
0.005968839198503767,0.03522183026306687,0.9973209069015149,0.993805578779357
0.005543271964672448,0.0367035274092488,0.9974016597076748,0.9941856046211143
0.005901452238969022,0.03711138759392796,0.9971926524446725,0.9936915710268298
0.006029217721852785,0.036743255597619234,0.9972164032700136,0.9939195863144317
0.005703496359453172,0.036455440916388714,0.9974729121729393,0.9937295736110056
0.006183001822489578,0.03610518584497193,0.9971594012891948,0.9938435813635327
0.005252305660663034,0.03563374234287343,0.9974349108523934,0.9938435813635327
0.0052397323120159075,0.03489366721718209,0.9974776623487667,0.9937675761951813
0.005497641459677123,0.03661549300582314,0.9973731587065064,0.9938435813635327
0.005755491929109129,0.036645303079115885,0.9972876557460372,0.9936155656410258
0.005776779962258194,0.03930390534883443,0.9972876557460372,0.9933495477692483
0.005412291356866967,0.03801685181794673,0.9974301606980842,0.9933495477692483
0.0061680410409975135,0.03372453425242815,0.9971309002987854,0.994147601819486
0.0054311187647217455,0.03731850856844322,0.9973826590474019,0.9933875503534241
0.005650887518884636,0.037402753823171986,0.9972734052508324,0.9935015578884987
0.0055950913069193935,0.03779074997710728,0.9972971560792881,0.9936155656410258
0.005785115467690608,0.036849057466923775,0.9973066564063101,0.9936535684426541
0.00585357505574139,0.038097522963176624,0.9972496544147322,0.9939955917002357
0.006192379395199834,0.035913688913565806,0.9972734052508324,0.9937295736110056
0.005680378082992411,0.03721878006995223,0.9974301606980842,0.9934635555217755
0.005831974727343294,0.03778513181669128,0.9973066564063101,0.9936915708093773
0.005264874510044049,0.03529020900865648,0.9975346643295855,0.993805578779357
0.005796645132011686,0.035450229934772905,0.9972686550857642,0.9938815839477084
0.005681884461977034,0.036488047132036794,0.9972211534243228,0.9932735423834443
0.005864214128204024,0.03455050882929628,0.9972734052508324,0.9938435813635327
0.005423999882459101,0.036001685430706885,0.9974159102028796,0.9935015581059512
0.005859361042699512,0.03823054158952385,0.997282905580969,0.9933115449676201
0.005688093003883841,0.03607456250232813,0.9973161567256876,0.9936155658584783
0.005322774604633554,0.03780948982825404,0.9974349108523934,0.9935775630568501
0.005528211046815117,0.03678491211025323,0.9972781554159007,0.9938815839477084
0.005918423970935446,0.03735809069377566,0.9971974026097407,0.9936915710268298
0.005648385619508996,0.03730502899800731,0.9973494078919243,0.9935395606901269
0.005304580981605014,0.038818508580935364,0.9974301606980842,0.9931595348483697
0.005802027137145597,0.037210811863080284,0.9973541580569925,0.9937675761951813
0.005521281450319921,0.03769902160146498,0.9972971560761736,0.9933115451850726
0.005727642087114766,0.03665828581359595,0.9973589082220607,0.9934635555217755
0.005249197235293534,0.038638957240372786,0.9974159102028796,0.9934635555217755
0.006083250300543841,0.03742349109790218,0.997244904260423,0.993805578779357
0.0061013077180932995,0.03773122670754782,0.9972069029291182,0.9939195865318842
0.005770484765334476,0.03549441548156797,0.997344657726856,0.9937675759777287
0.0053445053085542,0.03548933816089167,0.9974634118428028,0.993805578779357
0.005688352879795152,0.03694053169874961,0.9973589082220607,0.9935395606901269
0.005224639181797071,0.03594000979711985,0.9974729121836984,0.9939575891160599
0.005456183915294516,0.03463376012544772,0.9974064098727431,0.9939575891160599
0.006651813076354769,0.03464588333117023,0.997183152114536,0.9937675761951813
0.0059910328306977305,0.03399344559918894,0.9972781554159007,0.9940335942844113
0.005376033510391486,0.03652475135665593,0.9974919128332124,0.9936155658584783
0.005662381381135396,0.036286729468085664,0.9973684085521972,0.9935015581059512
0.005459075028476619,0.03519227966643783,0.9974444111825299,0.9939195865318842
0.005079823474907332,0.03823541475499856,0.997525163999449,0.9932355400167211
0.005926071408924066,0.036548092177434606,0.9972686550857642,0.9936915710268298
0.0057711576870528615,0.03390653650483764,0.9973209068907558,0.9939195865318842
0.005588205229993733,0.03427850066581123,0.9974159101921205,0.9933115451850726
0.005498857024067809,0.03786307863318233,0.9973636583871289,0.9937675759777287
0.005832684939965729,0.038694370169647135,0.9973969095426066,0.9935775632743027
0.0057629897276368575,0.039232258714857686,0.9972781554159007,0.9934255529375997
0.006143196451852924,0.03613272053172764,0.9972164032700136,0.9935775630568501
0.005384851939613585,0.03406634031682846,0.9974681620186302,0.9938435811460802
0.0055277205224998896,0.0374408121414153,0.9974681620186302,0.9937675761951813
0.005839498914073702,0.03856662782071207,0.9972354039302865,0.9936915710268298
0.005191677152268217,0.03964302568923165,0.9975679154850631,0.9935395606901269
0.005748481435334781,0.034178341132514854,0.9972876557460372,0.9939575891160599
0.005601363478776719,0.034799491138969185,0.9973541580569925,0.9935395604726744
0.005924656488801113,0.037180371011597865,0.9972354039195276,0.9938815839477084
0.005639424971125084,0.03749585468735558,0.9973351573967195,0.9939575891160599
0.006108824020210877,0.03702225829847667,0.9972354039302865,0.9935395606901269
0.005712410668757284,0.03609465305573414,0.9973779088823337,0.9942236072052899
0.005189121559578313,0.037916338806863605,0.9975299141645172,0.9933115451850726
0.005903409373841898,0.0377504257362104,0.9974301606980842,0.9936915710268298
0.005942762448936806,0.03768360195200776,0.9972734052508324,0.9934635555217755
0.006713288580475073,0.038189418462465465,0.9971689016193312,0.993805578779357
0.007651549168080448,0.03886773427235724,0.9971404006289218,0.9934255529375997
0.005827621916285229,0.038589181674543414,0.997444411193289,0.9933875503534241
0.005895575750505824,0.036400503632623676,0.9973921593775383,0.9935395606901269
0.00577898884926898,0.03869913033344906,0.997444411193289,0.9932355400167211
0.006087101782211428,0.037460147881255866,0.9971879022688452,0.9935015581059512
0.006578875998365342,0.03942808305938968,0.9970738983072075,0.9935015581059512
0.006796408069802979,0.034389386502852996,0.9970548976576936,0.9930835296800182
0.005558212995724577,0.03506929830440146,0.997344657726856,0.994071596868587
0.0053469764817585036,0.03692601440054669,0.9974111600270523,0.9932735426008968
0.005587074702158897,0.0374930759814663,0.9973684085414382,0.9931975374325455
0.005629943071885463,0.035691838118956175,0.9972686550857642,0.9935775632743027
0.005577940475987,0.03788925080581277,0.9973969095318476,0.9938815839477084
0.005812577722092502,0.036899508340564914,0.9973636583871289,0.9936155658584783
0.00542940276746256,0.035195032710747386,0.9973399075617878,0.9941095994527628
0.005414462720717173,0.034017142385863106,0.9974919128439713,0.9939955917002357
0.005630468402091135,0.036309636886893586,0.9973114065713784,0.993805578779357
0.0057934027485059755,0.03483531555559437,0.9974634118535619,0.9930835297026696
0.005892938065574207,0.036659874178486804,0.9973494078950387,0.993805578779357
0.005844117355704512,0.03714270027105337,0.9972971560761736,0.994071596868587
0.005490413472068729,0.03864918208840484,0.9974111600378113,0.9936915708093773
0.005824481668578249,0.03784550657045874,0.9973019062412419,0.9935015581059512
0.005756856737110783,0.03912831495221694,0.9972734052508324,0.9934635555217755
0.006101000235370191,0.036480291068853594,0.9972496544254913,0.9937675761951813
0.005521798575508631,0.03642570563983406,0.9974301606980842,0.9937675761951813
0.005992237160159549,0.03800003083831105,0.9973066564063101,0.9935015581059512
0.005720110376214056,0.03667707194603129,0.9974681620186302,0.9935395604726744
0.005733605160256471,0.03799796008057148,0.9973826590474019,0.9930075245116667
0.0056266652992883965,0.039905256352819087,0.9973779088823337,0.9933495477692483
0.005593143963527885,0.0378146036411786,0.9973589082220607,0.9939955917002357
0.00600226887514898,0.036900576758496444,0.997344657716097,0.9933495475517958
0.005959799146629213,0.03855346651048145,0.9972591547556278,0.9933495477692483
0.005361758537951769,0.03740367316049414,0.9974681620186302,0.9935775632743027
0.005380052672622738,0.036833180182297656,0.9975394144946537,0.9933495477692483
0.006118453946324787,0.03905764642539758,0.9972971560654146,0.9936915708093773
0.005375118511709518,0.03627456868007004,0.9974444111825299,0.9940335942844113
0.005549138001826109,0.03776440901876865,0.9973826590474019,0.9939575891160599
0.005352185171877715,0.03879601788151083,0.9974064098727431,0.9932355400167211
0.0060098431377941025,0.0366997007844296,0.997202152774809,0.9933495477692483
0.005814475931184055,0.03627941784278824,0.997344657726856,0.9937675761951813
0.005335150954990061,0.035610871769961694,0.9974776623487667,0.9937675761951813
0.00542979485458663,0.040360823288311316,0.997425410533016,0.9933875501359715
0.005864137008787046,0.03624947141686194,0.9972924059111055,0.9935775632743027
0.00533403627149304,0.03911280960199295,0.9974111600270523,0.9936915710268298
0.005109263018143827,0.03648109334184978,0.9975631653199949,0.9941856044036617
0.005513850250558097,0.03801414021927907,0.9974396610282207,0.9936155656410258
0.005958702681433743,0.0377581043389151,0.9972211534350819,0.9935015581059512
0.0059826996835566386,0.03943902084690547,0.9973066564063101,0.9933875503534241
0.005417065034508925,0.037132333452260705,0.9974491613583572,0.993463555304323
0.005590086754724434,0.03600874958866893,0.99736365837637,0.9941856044036617
0.006181333686467084,0.03628765105748288,0.9972591547556278,0.9935395604726744
0.00563118428413601,0.035953604003626405,0.9974349108631525,0.9936155658584783
0.00594056726004378,0.03757342385127291,0.9973731587172654,0.9935015581059512
0.005353879255400723,0.03412124123267856,0.9974491613583572,0.9938435813635327
0.005582073076552517,0.03828086091014782,0.997325657066583,0.9937295733935531
0.005581281060449197,0.03839245389366669,0.9973019062304829,0.9938815839477084
0.006044193728839209,0.0368243457140449,0.9972544045905595,0.9931975374325455
0.005326012958333857,0.03672294887269768,0.9973494078919243,0.9938815839477084
0.005531657934608162,0.036361147993974524,0.9973874092017111,0.9939575891160599
0.005342320584746542,0.036249287446854565,0.9974634118535619,0.9940335942844113
0.005766788961832556,0.034358738991301825,0.9972876557352781,0.9941856046211143
0.006315110856004753,0.03708540705023657,0.9972354039302865,0.9937295733935531
0.00548311108255515,0.03808292619875307,0.9974729121836984,0.9938815839477084
0.005360038598558345,0.03844683614468052,0.997325657066583,0.9938435813635327
0.005556893157213375,0.03685922727624515,0.9973541580569925,0.9935775632743027
0.006080696177229525,0.03768738411746207,0.9972211534243228,0.9930455270958425
0.005547861524882891,0.03928301823045057,0.9974206603571888,0.9934635555217755
0.006124863570738372,0.03891253661992324,0.9972971560761736,0.9930075245343181
0.005300703952619601,0.03896312550421985,0.9974729121729393,0.9930835296800182
0.005464421492721149,0.03634099484875188,0.9974016597076748,0.9933495477692483
0.005120400217175687,0.034919660041539666,0.9974824125138348,0.9935775630568501
0.005859402561749738,0.03668394277239724,0.9972781554159007,0.9940335940669588
0.005624400033791924,0.03690283636496625,0.997282905580969,0.9937295736110056
0.005460794717151136,0.03736957444768074,0.9973731587065064,0.9937295733935531
0.005720543657775481,0.03762159706015507,0.9972876557460372,0.9936535684426541
0.0055815425420965145,0.03600043212269419,0.9973826590474019,0.9934255529375997
0.005377891434922298,0.03913058557640995,0.9974966630090396,0.9936155658584783
0.005054159471567289,0.03740886878759311,0.9975014131772223,0.9933875503534241
0.005343691200535808,0.038235110144892344,0.9974444111825299,0.9939575888986074
0.005734875441667293,0.03639613926152521,0.997406409861984,0.9936535684426541
0.005723374132888555,0.03821889774555204,0.9973684085414382,0.9933875501359715
0.006179728288766734,0.03661828751346208,0.9972591547556278,0.9934635555217755
0.005434406472856548,0.03923596483622359,0.9974776623380076,0.9934635555217755
0.005164005920466945,0.03915809242810914,0.9975109135042443,0.9936915708093773
0.005263156511096384,0.03910821458234574,0.9974539115234254,0.9935395606901269
0.005659156825417538,0.03603801082733094,0.9974206603679477,0.9942236069878374
0.005508885981530778,0.03443398900499102,0.9974301606980842,0.9933495475517958
0.005961598297787601,0.03739467288904428,0.9971546511133675,0.9935395606901269
0.005583641659611579,0.03796165692372231,0.9972639049206959,0.9932355400167211
0.005494085849734285,0.036476424675013795,0.9975156636693125,0.9935015578884987
0.005551013081136697,0.03655835163363233,0.9973731587065064,0.9937675759777287
0.004998878008501275,0.03594986333686539,0.9975774158151995,0.9938815837302559
0.005199645117220256,0.03690116947692108,0.9975299141645172,0.9935015581059512
0.0056088352636551025,0.03592317769529511,0.9974111600270523,0.9936155658584783
0.005533538309988696,0.03537111365223034,0.997425410533016,0.9938435813635327
0.005652235896520581,0.03750085842086684,0.9973541580569925,0.9933495477692483
0.005749788327205015,0.03816154280466814,0.9972069029398771,0.9937675761951813
0.005490767997023265,0.037071304096231356,0.9974301606980842,0.9937295733935531
0.0052657985209066185,0.036184285253935036,0.9974396610313352,0.9942236072052899
0.005325295348711281,0.03734579740262291,0.9974064098727431,0.9936535684426541
0.005437314310522968,0.03737452036340341,0.9975156636693125,0.9939575891160599
0.005937914616617402,0.036834333495769166,0.9972924059111055,0.9938055788020083
0.005281461482759535,0.0353238910746785,0.9974966630090396,0.994147601819486
0.005463415956640987,0.03797471510833773,0.9974064098727431,0.9938435811460802
0.005370227383574641,0.038397284351548606,0.9974206603571888,0.9936155658811296
0.005127065576488995,0.03804043942496213,0.9975489148247901,0.9939955917002357
0.005921999428663567,0.037592923466927816,0.997406409861984,0.9933495475517958
0.005831956972492985,0.03818561323118917,0.9973304072316513,0.9934255529375997
0.005859450492905459,0.03926665050888448,0.9973399075617878,0.9933875503534241
0.00564347022343298,0.036826506007098705,0.9973304072208923,0.9933875503534241
0.005643250651578007,0.038476223838384276,0.9973684085521972,0.9933875503534241
0.004979142661501529,0.03995512924882212,0.9975346643295855,0.9939575891160599
0.005341992406947263,0.03782663352425711,0.9974966630090396,0.9937675759777287
0.0055521800998283135,0.04119463108713639,0.9974681620186302,0.9929695217100385
0.005830929392671769,0.03892634723673301,0.9973731587172654,0.9940335940669588
0.005636152555829259,0.03809672242614197,0.9972876557460372,0.9938435813635327
0.005435557750788764,0.03921411271030992,0.9973351573967195,0.9935015578884987
0.005200182889453128,0.038061080746084275,0.9975299141645172,0.9933495475517958
0.005616049418692476,0.039644817025461576,0.9974111600378113,0.9935395604726744
0.0055384936477664275,0.03928929404328156,0.9974966630090396,0.9936535684426541
0.005530084691084902,0.03770630716485625,0.9974111600378113,0.9936535684426541
0.0053495881003576586,0.03889235140630978,0.9974966629982805,0.9930075242942142
0.005519646757479432,0.036490454232100615,0.9975156636693125,0.9935395604726744
0.005047073468946176,0.037860756147960924,0.9975204138343807,0.9937295733935531
0.005218836364849954,0.03667457178035218,0.997525163999449,0.9939955917002357
0.0052978300225186665,0.035159480676245435,0.997425410533016,0.9937295736110056
0.0055658444060521445,0.03765161030604728,0.9974681620186302,0.9934255529375997
0.0061391743313135875,0.03672450240681794,0.9972259036001501,0.9935775632743027
0.005403625077080963,0.0390784570115668,0.9974064098727431,0.9938435813635327
0.005248035061860709,0.03645513141194373,0.9974919128439713,0.9936535684426541
0.005737416755106204,0.040589954587847706,0.997325657066583,0.993121532264194
0.005682974637881269,0.03794946229517639,0.9973874092124702,0.9938435813635327
0.005345027738899025,0.03769996786411724,0.9974206603679477,0.9936535684426541
0.005574204335770842,0.03756882742617415,0.9974206603679477,0.9935015581059512
0.005446974100472524,0.03984155709909551,0.9974206603679477,0.9933115449676201
0.005404591416256017,0.03738172600122815,0.9975156636693125,0.9936155658584783
0.005905713195453992,0.0393842897173374,0.9972496544254913,0.9935015581059512
0.00582218508756692,0.0394803016428339,0.997444411193289,0.9939575888986074
0.006356348657689345,0.03858893649216952,0.9972734052508324,0.9933115451850726
0.0057733447066568066,0.036779090985342204,0.9974159102028796,0.9941856046211143
0.005523069627844975,0.03931035986044639,0.997444411193289,0.9935395606901269
0.0054677248462152404,0.04163736947372563,0.9974539115234254,0.993121532264194
0.006172261423704334,0.03819020588329275,0.9972069029291182,0.9936535684426541
0.006138977328879682,0.03866386881381186,0.9973874092124702,0.9933875501359715
0.006092619802642886,0.03702713163644195,0.997406409861984,0.9936915708093773
0.005845040248563526,0.03564028831993306,0.9974301606873253,0.9943376149578171
0.005496310097981008,0.03824301222171865,0.9975204138343807,0.9935015581059512
0.005676240313088068,0.038702066392501386,0.997525163999449,0.9938435811460802
0.005713164279585784,0.03931975910540815,0.9973684085521972,0.9931595348483697
0.005510697263647727,0.036725471039664837,0.9974776623487667,0.9936915710268298
0.00562794986654475,0.03752396592907322,0.9973209069015149,0.9941095994527628
0.005289034527385379,0.03924310712535292,0.9974681620186302,0.9933875503534241
0.0058638740758559914,0.038043355781422455,0.9972971560761736,0.9936155656410258
0.005588274699412595,0.03999808533189199,0.9973874092124702,0.993463555304323
0.0053242103531234795,0.0389324021618078,0.9974396610282207,0.9940335940669588
0.00548377206744813,0.037116523690237796,0.9974681620186302,0.9941095992353103
0.005261835180712914,0.03557700936714305,0.9975869161484505,0.9937675762178326
0.005918847994396806,0.03653956253063757,0.9974776623487667,0.9931215320467415
0.006362443155584919,0.03821237228721491,0.997282905580969,0.9936155658584783
0.005926628826945137,0.03984395946884842,0.9973969095426066,0.9937295733935531
0.005384950318174221,0.03991876823805398,0.9974539115234254,0.9935015578884987
0.005222864159682199,0.038495224574745364,0.9975489148247901,0.9940335942844113
0.005687974347940693,0.039341554063479695,0.9973731587203799,0.9932355397992686
0.006285972720826439,0.038100678823404364,0.997183152114536,0.9938435813635327
0.005781621487009422,0.03717402736717686,0.9973684085521972,0.9942616097894657
0.005242927235419487,0.037130802524596614,0.9975299141537582,0.9940335942844113
0.005590677991083333,0.037955175337187605,0.9974111600270523,0.9928555139575114
0.005860898857600784,0.039045198101653265,0.9974301607011987,0.9936155656410258
0.006447110941517766,0.038926954137984894,0.9970216465022159,0.9936535684426541
0.0054352994365191145,0.036741387736330074,0.997544164659722,0.9936915710268298
0.0056120225597151956,0.03984657120791108,0.9974634118535619,0.9934635555217755
0.00604138177650947,0.03708568922717133,0.9973019062412419,0.9938815839477084
0.005642897821948661,0.03492190291980815,0.9973684085521972,0.9937295733935531
0.0059209802888029,0.03895559124768817,0.9974206603679477,0.9939955917002357
0.005383598497868868,0.03774539933352718,0.9974586616884936,0.993995591482783
0.005717346168620786,0.03824227601963581,0.9974681620186302,0.9939195865318842
0.006294229228600355,0.039448163421451396,0.9972544045905595,0.9935015581059512
0.005027475265562165,0.0372858599853712,0.9975489148247901,0.9939195865318842
0.005681957726608057,0.038208202622445474,0.9975109135042443,0.9935775632743027
0.0057399400537581375,0.0385578400355431,0.9974206603571888,0.9934255529375997
0.006016427391869803,0.04260945463782911,0.9972259036001501,0.9928555139575114
0.007964362703573343,0.03761101730966041,0.9972781554159007,0.9932735423834443
0.007060600058107537,0.04249017555589046,0.9974016596969159,0.9930835296800182
0.006579861939891319,0.03836484778801782,0.9973304072208923,0.9938815839477084
0.0057968503744471375,0.04019768338002476,0.9975061633391761,0.9937295733935531
0.005579824797274248,0.039780572663462535,0.9975584151549266,0.9939195863144317
0.006380144103801409,0.03791015773757431,0.9974396610282207,0.9933875503534241
0.006715230849755103,0.03656197976324486,0.9973161567364466,0.9938435813635327
0.006422274984690421,0.03695145080343118,0.9973494078919243,0.9934255529375997
0.006504077703219158,0.03654324391990149,0.997325657066583,0.9935775632743027
0.006109735070889234,0.03842193659630624,0.9974634118535619,0.9932355400167211
0.006289377357766353,0.03790852666804706,0.997282905580969,0.9935775632743027
0.006144164271650861,0.03599539054201277,0.997282905580969,0.9931595348483697
0.005792671856277431,0.0363947644382316,0.9974159102028796,0.9935395606901269
0.005059354401554551,0.03765746804893901,0.9975631653199949,0.993805578779357
0.005527091342078723,0.03748141769767667,0.9973874092124702,0.9932735426008968
0.005480739210315666,0.03754877653884917,0.997444411193289,0.9935395606901269
0.005086282180740953,0.035482466838870255,0.9975536649898584,0.9940335942844113
0.00561316975098901,0.03717176503225115,0.9974349108523934,0.994147601819486
0.004985830049621633,0.03780486321273021,0.9976106669706772,0.993463555304323
0.005711703414010306,0.040606035814516446,0.997282905580969,0.9932355397992686
0.005058048694674855,0.037081894711691155,0.9974966630090396,0.9938815839477084
0.005521243379524734,0.040827026351362025,0.9975299141645172,0.9929695217100385
0.005700970359865993,0.03810662031785778,0.9973779088823337,0.9935775632743027
0.004947619825634675,0.042212350912429884,0.9976344177960184,0.9936155658584783
0.005247836253703608,0.039690711292989594,0.9974966629982805,0.9939195865318842
0.005624439063716609,0.03873472072756491,0.9973541580569925,0.9935775632743027
0.005407962387207063,0.04152974968626944,0.9974776623380076,0.9931975374325455
0.006034532763209999,0.03952391142783931,0.997183152114536,0.9934255529375997
0.005445045058601376,0.041427458354206186,0.9973826590474019,0.9936915710268298
0.0050178303312969595,0.03918104224724069,0.9975679154850631,0.9935395606901269
0.005140709915756031,0.0410068814070543,0.9974681620186302,0.9937675761951813
0.005241899715519715,0.03947650506740885,0.9975014131633488,0.993805578779357
0.005868498618358971,0.04048615650354661,0.997325657066583,0.9935395604726744
0.005494948021031829,0.041559795117839346,0.9973351573967195,0.9936535682252016
0.005196294020783751,0.040287479499073305,0.9974634118535619,0.9936155658584783
0.0058312925648022805,0.03873187078892355,0.9973731587172654,0.9940335942844113
0.005470253504715438,0.041843298250656094,0.9974349108631525,0.9929315193433154
0.005689517061267434,0.037737773295499086,0.9974776623487667,0.9936155658584783
0.006049192066934453,0.03633717207912733,0.9972924059111055,0.9938435811460802
0.005470722454454927,0.0384515694172598,0.9973874092124702,0.9939955917002357
0.005411112048973206,0.03829993435710603,0.9975156636693125,0.9933115451850726
0.0057614146288494745,0.03891037116720514,0.9974349108631525,0.9931215320467415
0.005424419721023548,0.0404051327948895,0.9974871626789031,0.9936155656410258
0.005653575063082977,0.0367231595176564,0.9972924059003464,0.9943756173245403
0.0057843677817090095,0.04013724892138547,0.9974159102028796,0.9936535684426541
0.0051823533477424934,0.03588820188284395,0.9975061633391761,0.9942996121561889
0.0056105656796040845,0.041211005468372044,0.9973114065713784,0.9934255527201472
0.005765821080323707,0.03957343540094442,0.9975726656501314,0.9940715966511345
0.005651296757381329,0.04022025203199866,0.9974871626681441,0.9935775632743027
0.00572554213355474,0.039306585558517695,0.9973019062412419,0.9940335942844113
0.005048083318436516,0.03892167919815056,0.997525163999449,0.9939195865318842
0.0053623054335150255,0.04053740434240963,0.9975536649898584,0.9937295733935531
0.0062645044463059945,0.03893404966271579,0.9972211534243228,0.9934635555217755
0.005086416701949217,0.03831486051831107,0.9975394144946537,0.9938815837302559
0.005215474356780012,0.04072694166832188,0.9975726656501314,0.9934635555217755
0.005231547141933949,0.04095133333734516,0.9975394144946537,0.9935775632743027
0.006004877904713152,0.04132904623820535,0.9973684085521972,0.9931975374325455
0.005295677905374326,0.039320714940508664,0.9974729121836984,0.9935015581059512
0.0056234889361426845,0.040493024539404475,0.9974634118535619,0.9935775632743027
0.005345941900343473,0.03762494315602161,0.9976011666405408,0.9941095994527628
0.004952501054025669,0.03934754762658871,0.9976154171357454,0.9934255529375997
0.005153713291790267,0.03802274850645756,0.9975584151549266,0.9936915710268298
0.005450382867731025,0.0403326182746691,0.9974396610282207,0.9934635555217755
0.005790865027294494,0.0362863606560941,0.9974966629982805,0.9939955917002357
0.00593526729673969,0.0397768599102103,0.9973114065606193,0.9928555139575114
0.005546767356534044,0.038130590012773774,0.9974681620186302,0.9937295736110056
0.00515338939774766,0.04242385583176208,0.99752516398869,0.992703503838261
0.005282212740849942,0.03846622817785416,0.9973969095426066,0.9939575891160599
0.005386588517151891,0.0400126576657679,0.9974729121836984,0.9925894960857339
0.0056403060969251895,0.035760939241992834,0.9975014131741078,0.9939195865318842
0.005707342340901602,0.0381735374269867,0.9975014131633488,0.994071596868587
0.006301306560621991,0.04107473513420167,0.997282905580969,0.9931975372150929
0.005183569097147765,0.04093847660901945,0.997586916145336,0.9935775632743027
0.0054037353497709975,0.038772336197006076,0.9974729121836984,0.9937295736110056
0.006053234366085528,0.041126419404092306,0.9972781554159007,0.9926655010366328
0.005916836129383101,0.03756996035818696,0.9973589082220607,0.9933495477692483
0.005145547886481701,0.03939222312077074,0.9974919128332124,0.9934635555217755
0.006173201814886422,0.03812300945443906,0.9972639049206959,0.9937675761951813
0.005973926448915043,0.03888249396916827,0.9974064098727431,0.9935015578884987
0.005529946725341301,0.03891177612798967,0.9975109135042443,0.9935015578884987
0.005797294387232108,0.03908732420697405,0.9974871626789031,0.9937295733935531
0.00627403920560844,0.04005080071950501,0.9973684085521972,0.9933875501359715
0.005505779602509318,0.038530917276171466,0.9973826590474019,0.9934255529375997
0.0055832285012133425,0.037188371863179304,0.9975014131741078,0.9938435813635327
0.005960999719229067,0.039058856567024035,0.9973921593775383,0.9934255529375997
0.005944057316974804,0.0383065025736375,0.9973494078919243,0.9937675759777287
0.005586296509377689,0.037184652292474786,0.9974396610174617,0.9935015581059512
0.0053741414380519235,0.040400770505867385,0.9974349108631525,0.9933875503534241
0.00542494175495537,0.03843764528565661,0.9976201672900546,0.9939575891160599
0.005769355333561484,0.03895567623354415,0.9974871626789031,0.9938435813635327
0.006331002351197487,0.0388501856322336,0.9975346643295855,0.9934635555217755
0.006092674477122868,0.03856983787917645,0.9974491613583572,0.9936915710268298
0.0059135381105990216,0.03827046167303347,0.9974539115234254,0.9938815839477084
0.005539700942577494,0.03772325801633707,0.9974491613583572,0.9941095994527628
0.005207925350883217,0.038426728940103114,0.9976249174658819,0.9941095994527628
0.005586921804671276,0.03775292871218652,0.9974064098727431,0.9935775632743027
0.00526235976230929,0.03666708796495272,0.9975774158151995,0.994071596868587
0.006111014072858835,0.036075318724419866,0.9972686550857642,0.9934635555217755
0.00584638809715119,0.03566262430402476,0.9974064098727431,0.9940335942844113
0.005620764841866795,0.04009096936586495,0.9974586616884936,0.9935395606901269
0.006074022251976929,0.04031788339363274,0.9975014131633488,0.9933875503534241
0.006371590870036579,0.041755086329698446,0.9974159102028796,0.9931595348483697
0.007069113804027523,0.038941617510813036,0.9973161567364466,0.9936915710268298
0.006932845633831967,0.03809404976258401,0.9973209069015149,0.9939575891160599
0.005905653892000005,0.039141175695402465,0.9974301606873253,0.9936535684426541
0.006191950400172696,0.041471108410746096,0.9974491613583572,0.9936915710268298
0.006541860905668803,0.040273475787948716,0.9973541580569925,0.9927795090066125
0.005729707245560764,0.035181690905985,0.9974729121729393,0.9941095994527628
0.0057183062856815264,0.03684728359780884,0.997544164659722,0.9937295733935531
0.005588380621419957,0.03922888761519847,0.9975536649790994,0.9935775632743027
0.006276855402358492,0.038589897887090434,0.9973494078919243,0.9935395606901269
0.005612244922006356,0.039345688831198586,0.9974111600378113,0.9939195865318842
0.005414365447145508,0.03686990820757455,0.9974776623487667,0.9939195865318842
0.0059375735593300465,0.039676462732425484,0.9973921593667794,0.9935775630568501
0.006014279464705639,0.041588656233817294,0.9973874092124702,0.9936155658584783
0.0051045954391459765,0.03797285628752959,0.9975916663104043,0.9938815837302559
0.005056057432470677,0.04023941890641127,0.9975489148247901,0.9936915710268298
0.005304156252996311,0.039843143591630346,0.9974634118535619,0.9936535682252016
0.005256075134757682,0.03783786725673509,0.9975489148140312,0.9939575891160599
0.006388954880578792,0.03716015208522384,0.9971974025989817,0.9937295736110056
0.005890127021645722,0.03743778219406511,0.9974064098727431,0.9939575891160599
0.0055383337067117224,0.04063542824611205,0.9974634118535619,0.9935395606901269
0.005915471962443,0.03935612595131512,0.9973731587172654,0.9937675761951813
0.005710384391518862,0.04036938852789628,0.997544164659722,0.993805578779357
0.006238485457454385,0.041117008710743884,0.9974919128439713,0.9928935167591396
0.00597165472657977,0.04254659797139054,0.9975299141645172,0.9934255529375997
0.006305126477142157,0.04005346810061544,0.9973494078919243,0.9936535684426541
0.005904691565515104,0.03766450216469825,0.9973351573967195,0.9937675761951813
0.005505552617523878,0.038735229397407644,0.9974966629982805,0.9936535684653054
0.005254130224573274,0.03874546592969138,0.9975394144946537,0.994147601819486
0.005075052271897277,0.04043465180889536,0.997525163999449,0.9935395604726744
0.005543080136657099,0.03896859399727305,0.9975584151549266,0.9935395604726744
0.006474442155740523,0.03786024580502731,0.9972401540953548,0.9936915708093773
0.005279421900751894,0.0393070470344897,0.9974681620186302,0.9933875503760753
0.005992167178529916,0.03951303675784952,0.9974206603679477,0.9933115451850726
0.005924015768899732,0.039728900476897436,0.9975156636693125,0.9935395606901269
0.0053856231841780695,0.042019136969794715,0.9975156636693125,0.9935015581059512
0.006258373880306809,0.03821437222768575,0.9973209069015149,0.9938435811460802
0.005094499373912082,0.04075292072362342,0.9976106669706772,0.9932355397992686
0.005785314595964389,0.04056147293279628,0.9974729121836984,0.9937675759777287
0.006743294482805966,0.04027427891147929,0.9973114065713784,0.9936155656410258
0.006016169271936626,0.04220962406777694,0.9975726656501314,0.9934635555217755
0.005715278093946235,0.03986624966927407,0.9975774158151995,0.9935015581286025
0.0064316173480063275,0.03890021872321387,0.9973541580569925,0.9941095994527628
0.00587513541127615,0.04021932842836952,0.9974634118535619,0.9932355397992686
0.005834808544668097,0.040367893328713385,0.9975156636693125,0.9934255527201472
0.007095877111717225,0.03961173425481446,0.9971641514542631,0.9931975374325455
0.006845540943702909,0.04061083449142363,0.9973731587172654,0.9935775632743027
0.006721369105817846,0.04096982901710949,0.9974111600378113,0.9934635555217755
0.006353633060886993,0.040968972834712326,0.9975156636693125,0.9935015581059512
0.006142576638929136,0.041631603404475595,0.9974966630090396,0.9933115449676201
0.007481216654913608,0.041785141574216395,0.9972211534350819,0.994071596868587
0.006043038225149993,0.04533858645292284,0.9974776623487667,0.9923994829474027
0.0061225839121469205,0.03816414505860399,0.9972496544254913,0.9936915710268298
0.005545886274071437,0.036460665864589285,0.9974539115234254,0.993805578779357
0.005351596179206442,0.03692165570120678,0.9973636583871289,0.9937675761951813
0.00569904465139597,0.04200296672385283,0.9973779088823337,0.99304552687839
0.004945123198061167,0.039858917792170136,0.997525163999449,0.9935395604726744
0.004830126629387143,0.03863727429597418,0.9975726656501314,0.9932735426008968
0.005762951883497453,0.04026016015974591,0.9973209069015149,0.9936155658584783
0.005365278215296273,0.04088964153657312,0.9974966630090396,0.9936915710268298
0.0057925328687856315,0.03870130068616654,0.9974729121836984,0.9931975374325455
0.0050705396402407855,0.03721487684416538,0.9975584151549266,0.9936155658584783
0.005045980423160003,0.03814396165853057,0.9975774158151995,0.9933115451850726
0.0048933105269946976,0.03937604342043559,0.9977009200962147,0.9939575891160599
0.005410540085818191,0.037858454475875915,0.9975156636693125,0.9938435811460802
0.005676376603640803,0.03905280293233925,0.9973874092017111,0.9938435813635327
0.005540671351352077,0.03987351086956285,0.9973541580569925,0.9935015581059512
0.0049322568881786395,0.03904980975186228,0.9976106669706772,0.9934635555217755
0.005235887646558007,0.04098895440154868,0.9974159101921205,0.993121532264194
0.0053443003898844665,0.03636361286891554,0.9975204138343807,0.9943756175419929
0.005660522242956754,0.038629620744566856,0.9973066564063101,0.9936915708093773
0.005708063461885064,0.039007809676085976,0.9974301606980842,0.993805578779357
0.005246661651788168,0.038348100608723824,0.9974966630090396,0.993805578779357
0.00500136570698993,0.04111894396918695,0.9975726656501314,0.9933875503534241
0.005096109561408985,0.042600606639748184,0.9976154171357454,0.9933875503534241
0.0053803594361772076,0.040833026936393374,0.9973921593775383,0.9935395606901269
0.005538996347762373,0.039936095085692,0.9973066563955512,0.994071596868587
0.004974739286143339,0.03973767399903495,0.9976201673008137,0.9935395604726744
0.0062657144964906614,0.034698983687967484,0.9973304072316513,0.9935015581059512
0.0049741328430394196,0.038224062614919126,0.9975964164754725,0.9936155656410258
0.005041682516431421,0.040563235147012766,0.9975489148247901,0.9935775630568501
0.005528134791423715,0.03808179983643837,0.997444411193289,0.9936915708093773
0.006000078750219903,0.041273020407823935,0.9973304072316513,0.9933875503534241
0.00532081793267847,0.038115087537703846,0.9975346643295855,0.9934255527201472
0.004880912183195771,0.04091781288965619,0.9977246709323149,0.9934255527201472
0.005166895636040598,0.04213999669786953,0.9976296676309502,0.9933115451850726
0.005605132805456941,0.03787282924353181,0.9974966630090396,0.9937675761951813
0.005310989529958077,0.0393355983559842,0.99752516398869,0.9932355400167211
0.005376000201344695,0.03823395264525058,0.9975156636693125,0.9935015581059512
0.005263423448626363,0.03811505296690011,0.9975964164754725,0.9935015581059512
0.004949869406823061,0.03775782533286445,0.9976439181261549,0.9943376149578171
0.005631726319185631,0.042695743355961206,0.997406409861984,0.9935015581059512
0.004817790557448418,0.03980245766456494,0.9976771692816325,0.9936535684426541
0.005163861102130101,0.04002512710372516,0.9975014131741078,0.9940335940669588
0.006009320187471448,0.04164214639493501,0.9973731587172654,0.9935775630568501
0.005251385055305814,0.041700111531087096,0.9976201673008137,0.9939955917002357
0.004797068116384366,0.039474094984371634,0.9976154171249865,0.9939955917002357
0.00526527205079936,0.04074970794677567,0.9975536649898584,0.994071596868587
0.005107856415548368,0.03908074885897552,0.9976724191165643,0.9935395604726744
0.005758836533051086,0.038778068163077405,0.9974966630090396,0.9936155658584783
0.005070467212236133,0.03978856907431474,0.997525163999449,0.9937295736110056
0.005184928134672064,0.03736448170691932,0.9975679154850631,0.9938815839477084
0.004810613853470543,0.04080477932438344,0.9976201672900546,0.9930455270958425
0.0056673883256225625,0.03779658138752479,0.9973161567256876,0.9934635555217755
0.0052313391169030365,0.03944433349150148,0.9974539115234254,0.9932735426008968
0.005578128700020383,0.04044738965262382,0.9972591547556278,0.9936155658584783
0.005289838075804047,0.041516826496978895,0.9974776623487667,0.9932355397992686
0.005057619983048584,0.03850463114721968,0.9976391679610866,0.9938815839477084
0.00550901126883903,0.038851875941210846,0.9974871626789031,0.9937295736110056
0.00542949189886537,0.036721995641426655,0.9975204138343807,0.9941476020369385
0.005419109864702278,0.042666297288861545,0.9974634118535619,0.9930075242942142
0.00613331839987623,0.038259907944311056,0.9973684085521972,0.9934635555217755
0.004952712482645048,0.03781542903589173,0.9977199207672467,0.9941095994527628
0.00503170837783038,0.04192004568309509,0.9975916662996452,0.9936155658584783
0.004919374969463787,0.03620641604409912,0.997639167964201,0.9937295736110056
0.007116436423911017,0.038434785696322665,0.9970263966672842,0.9935775632743027
0.004946316024913963,0.03948526353922279,0.9976629187864279,0.9932355397992686
0.004893125891148016,0.04088402776222569,0.997605916805609,0.9937295733935531
0.005201308285126816,0.03835809015622352,0.9974776623487667,0.9935775630568501
0.004974615889464508,0.0415422585651844,0.997605916805609,0.9938815837302559
0.004902239327269974,0.036299615348353735,0.9976724191165643,0.9938815839477084
0.00578111815764571,0.0403201268599592,0.9974301606980842,0.9935775632743027
0.005272620534976407,0.038560702429037856,0.9974824125138348,0.9933875503534241
0.00522945294431171,0.038903002420053935,0.9974586616884936,0.9937675761951813
0.0054774772916331895,0.03765760706242295,0.9974111600378113,0.9942616097894657
0.005407747168365307,0.03978734082629881,0.9975536649898584,0.993805578779357
0.004590283666367793,0.04116786519619319,0.997705670261283,0.9939575891160599
0.005538523486730458,0.03859524711914983,0.9974871626789031,0.9936155658584783
0.005080259899607153,0.04106649670373099,0.9975536649898584,0.9937295736110056
0.004563756883536416,0.038615666275550645,0.9977341712655659,0.993805578779357
0.005519563625343613,0.040552439832943474,0.9974539115126664,0.9936535682252016
0.006288891969943555,0.04253304647637993,0.9973826590474019,0.9927795090066125
0.0061868434969965325,0.03946839099410737,0.9972971560654146,0.9936535684426541
0.004849378333364158,0.04109111570457027,0.9977151705914195,0.9936155656410258
0.004855671439828114,0.040854084280069876,0.9977626722528607,0.9938815837302559
0.005655406960308181,0.03930178130934738,0.9974871626789031,0.9936535682252016
0.005474750867660534,0.04096585931044942,0.997525163999449,0.9935775630568501
0.00499339096648255,0.040110975053072054,0.9976344177960184,0.9936915708093773
0.005001945960709572,0.039056060032911726,0.9975679154743041,0.9935395604726744
0.006033985885895625,0.038867000992918795,0.9973494078919243,0.9939195865318842
0.005255009492313424,0.04077029670401091,0.9975964164754725,0.9936535684426541
0.004726781159628858,0.04137416576824789,0.9976914197660782,0.9934635555217755
0.004922814754744586,0.04172892969086201,0.9976296676309502,0.993805578779357
0.006270999888865546,0.03959701364885634,0.9972686550857642,0.9936535684426541
0.005029974634132016,0.04450134279376386,0.9975916663104043,0.9933495475517958
0.005119319031256229,0.041269938414958865,0.9976106669706772,0.993121532264194
0.005659418149911254,0.04207881106309225,0.9975014131741078,0.9935015578884987
0.005039896075982381,0.042564672691276256,0.9976961699419055,0.9930835294625657
0.005624474552994133,0.041136861546619836,0.9974491613583572,0.993995591482783
0.005105825626239774,0.040856190517339755,0.997586916145336,0.9938055788020083
0.004815973556942677,0.03904196454104723,0.9976581686213596,0.9939955917002357
0.005323247043008706,0.03911935419224853,0.9975204138343807,0.9936535682252016
0.005984392809630749,0.037193630236202306,0.9972686550857642,0.9933495477692483
0.0056040624170235415,0.038055235825143086,0.9973684085414382,0.9938815839477084
0.0049544714591747245,0.04170184750299439,0.9976961699311465,0.9936915710268298
0.0049424186075576965,0.041681352914514566,0.9976486682804641,0.9936915710268298
0.004922020836459017,0.03979893206778914,0.9976439181261549,0.9934255529375997
0.00523375881628183,0.03964088625960721,0.9975394144838947,0.9933495475517958
0.005142939855529128,0.03862560907883899,0.9976296676201911,0.9932355397992686
0.005070535865337562,0.04102030989264064,0.9975584151549266,0.9938435811460802
0.005673316238361333,0.040522725098845434,0.9975584151549266,0.9933115449676201
0.005369048667080617,0.039716287867472916,0.9975916663104043,0.9940715966511345
0.005628309108000462,0.040006283406793824,0.9974729121836984,0.9935775630568501
0.005082414446716643,0.03717351340071017,0.9976486682912231,0.9938815837302559
0.004968258217075214,0.0422118607729542,0.9976154171357454,0.9939195863144317
0.006124120859319048,0.040203570456733465,0.997282905580969,0.9937675761951813
0.0049893122423667405,0.041871654094252635,0.9976819194467008,0.9934635555217755
0.004999394061663611,0.041412720061432,0.9976154171357454,0.9938815839477084
0.0053034975906015355,0.03781938677457869,0.9975679154850631,0.9939195865318842
0.005336168105221826,0.03817824015812531,0.9975964164647135,0.993805578779357
0.0053240364154186065,0.03998103121329832,0.997544164659722,0.9930075245116667
0.005153819735281297,0.04210246454134664,0.9976439181261549,0.99304552687839
0.005276306832359225,0.04378765563035157,0.9974871626789031,0.9935395606901269
0.005545465780063272,0.04125946898970555,0.9975584151441677,0.9932735426008968
0.006059264666561576,0.040428938532277234,0.9973874092124702,0.9934255529375997
0.005421500476127273,0.04107981738938519,0.9975346643295855,0.993805578779357
0.004635667830253775,0.041335349425948416,0.9977816729023747,0.9936915710268298
0.005118197831913084,0.04249811333151956,0.9975061633391761,0.9935015581059512
0.005314353404059557,0.03919972837614509,0.9976011666405408,0.9936155656410258
0.005312044449139084,0.03982245259311651,0.9975489148247901,0.9935395604726744
0.0053232041548162985,0.041091462474756923,0.9974919128439713,0.9933875503534241
0.005585968144769297,0.039727909359661466,0.9973684085414382,0.993805578779357
0.005110515798247948,0.03887868387367458,0.9976249174658819,0.9933115451850726
